#CHROM	START	STOP	FF	FM1	FM2
1	0	1000000	1|4	2|24	8|32
1	1000000	2000000	2|8	6|12	1|16
1	2000000	3000000	9|14	1|14	8|18
1	3000000	4000000	17|19	8|19	3|4
1	4000000	5000000	11|25	5|11	4|20
1	5000000	6000000	3|3	3|10	4|20
1	6000000	7000000	22|31	11|31	2|25
1	7000000	8000000	2|10	2|9	21|23
1	8000000	9000000	24|40	24|26	4|37
1	9000000	10000000	3|35	3|4	9|29
1	10000000	11000000	10|11	3|10	1|9
1	11000000	12000000	2|32	2|11	36|39
1	12000000	13000000	22|26	17|23	33|36
1	13000000	14000000	23|33	2|26	28|45
1	14000000	15000000	22|27	4|8	11|33
1	15000000	16000000	17|37	5|18	25|32
1	16000000	17000000	6|38	2|33	18|35
1	17000000	18000000	28|35	5|32	23|54
1	18000000	19000000	25|39	39|43	44|47
1	19000000	20000000	5|16	16|20	2|25
1	20000000	21000000	20|37	20|34	1|29
1	21000000	22000000	21|24	17|24	1|10
1	22000000	23000000	5|36	5|30	9|21
1	23000000	24000000	13|31	13|21	4|29
1	24000000	25000000	4|23	5|23	13|17
1	25000000	26000000	34|46	34|49	9|37
1	26000000	27000000	13|23	14|23	34|45
1	27000000	28000000	5|14	1|12	1|21
1	28000000	29000000	7|44	4|24	1|22
1	29000000	30000000	19|33	23|37	33|37
1	30000000	31000000	10|23	5|44	1|22
1	31000000	32000000	17|32	28|28	1|38
1	32000000	33000000	10|26	5|5	2|20
1	33000000	34000000	8|15	24|24	27|33
1	34000000	35000000	17|34	29|31	1|7
1	35000000	36000000	15|18	32|41	28|35
1	36000000	37000000	4|25	12|32	2|29
1	37000000	38000000	17|23	7|13	1|30
1	38000000	39000000	1|16	5|23	7|11
1	39000000	40000000	18|21	5|7	1|6
1	40000000	41000000	15|30	34|38	18|45
1	41000000	42000000	6|21	23|40	4|34
1	42000000	43000000	13|35	5|6	2|7
1	43000000	44000000	9|16	5|21	2|25
1	44000000	45000000	1|11	9|26	7|19
1	45000000	46000000	23|25	1|22	3|14
1	46000000	47000000	19|19	1|25	7|19
1	47000000	48000000	9|10	2|11	3|9
1	48000000	49000000	8|37	2|10	20|36
1	49000000	50000000	8|34	5|28	9|23
1	50000000	51000000	12|14	1|10	15|16
1	51000000	52000000	6|19	1|13	25|28
1	52000000	53000000	23|25	1|9	5|10
1	53000000	54000000	32|34	1|5	10|24
1	54000000	55000000	4|30	1|12	22|25
1	55000000	56000000	34|40	2|37	20|27
1	56000000	57000000	15|30	1|22	1|14
1	57000000	58000000	9|23	1|9	1|5
1	58000000	59000000	5|21	1|21	1|20
1	59000000	60000000	13|21	5|13	4|7
1	60000000	61000000	1|3	1|1	6|12
1	61000000	62000000	2|22	2|2	3|18
1	62000000	63000000	9|19	3|3	16|26
1	63000000	64000000	4|6	8|8	17|29
1	64000000	65000000	1|17	3|3	5|33
1	65000000	66000000	16|20	2|2	9|24
1	66000000	67000000	10|32	24|24	17|30
1	67000000	68000000	7|22	4|4	16|27
1	68000000	69000000	4|7	17|17	2|12
1	69000000	70000000	10|32	40|40	17|22
1	70000000	71000000	1|12	24|24	21|22
1	71000000	72000000	4|9	24|24	13|29
1	72000000	73000000	12|22	33|33	15|21
1	73000000	74000000	22|28	11|11	17|21
1	74000000	75000000	17|30	19|19	7|23
1	75000000	76000000	1|15	30|30	6|7
1	76000000	77000000	8|38	2|2	4|34
1	77000000	78000000	7|29	27|27	7|36
1	78000000	79000000	14|33	7|8	23|33
1	79000000	80000000	1|43	23|41	4|40
1	80000000	81000000	12|18	1|29	16|20
1	81000000	82000000	11|17	14|31	1|18
1	82000000	83000000	7|12	1|23	13|18
1	83000000	84000000	8|23	1|29	17|23
1	84000000	85000000	5|29	2|4	28|32
1	85000000	86000000	2|10	9|15	4|13
1	86000000	87000000	8|33	26|35	22|31
1	87000000	88000000	28|29	5|9	1|28
1	88000000	89000000	17|25	5|36	14|28
1	89000000	90000000	19|38	3|7	13|28
1	90000000	91000000	5|23	7|22	14|39
1	91000000	92000000	22|39	16|18	3|6
1	92000000	93000000	10|12	5|20	15|27
1	93000000	94000000	32|38	16|25	25|31
1	94000000	95000000	6|17	3|5	4|33
1	95000000	96000000	11|14	1|19	28|40
1	96000000	97000000	5|22	3|29	27|34
1	97000000	98000000	13|30	2|15	11|18
1	98000000	99000000	1|8	16|16	5|26
1	99000000	100000000	2|21	4|4	4|11
1	100000000	101000000	16|24	18|18	14|18
1	101000000	102000000	1|3	1|1	2|2
1	102000000	103000000	5|30	2|5	28|28
1	103000000	104000000	28|41	8|30	6|6
1	104000000	105000000	25|48	14|20	8|8
1	105000000	106000000	5|11	3|9	37|41
1	106000000	107000000	35|40	1|9	14|17
1	107000000	108000000	4|15	8|26	14|17
1	108000000	109000000	4|41	9|20	8|26
1	109000000	110000000	5|23	22|34	1|32
1	110000000	111000000	28|30	4|9	36|39
1	111000000	112000000	7|37	26|28	11|20
1	112000000	113000000	6|21	4|25	5|10
1	113000000	114000000	5|27	7|26	28|33
1	114000000	115000000	9|26	13|22	23|29
1	115000000	116000000	11|17	16|21	4|23
1	116000000	117000000	15|19	1|8	24|26
1	117000000	118000000	6|14	7|7	24|29
1	118000000	119000000	18|33	2|3	24|41
1	119000000	120000000	18|23	37|48	4|10
1	120000000	121000000	10|61	35|47	21|25
1	121000000	122000000	4|31	15|45	16|35
1	122000000	123000000	8|36	22|28	9|25
2	0	1000000	1|12	12|13	1|1
2	1000000	2000000	1|13	13|16	1|1
2	2000000	3000000	1|18	12|18	1|1
2	3000000	4000000	2|2	14|29	2|2
2	4000000	5000000	0|0	0|0	0|0
2	5000000	6000000	0|0	0|0	0|0
2	6000000	7000000	0|0	0|0	0|0
2	7000000	8000000	1|2	19|29	2|2
2	8000000	9000000	1|4	9|22	4|4
2	9000000	10000000	1|32	6|21	32|32
2	10000000	11000000	11|37	6|32	37|37
2	11000000	12000000	8|30	1|11	30|30
2	12000000	13000000	2|8	4|21	8|8
2	13000000	14000000	2|10	29|32	10|10
2	14000000	15000000	4|23	6|9	4|4
2	15000000	16000000	2|29	15|22	29|29
2	16000000	17000000	4|4	24|30	4|4
2	17000000	18000000	9|14	17|20	14|14
2	18000000	19000000	8|63	7|50	56|57
2	19000000	20000000	18|19	11|25	2|5
2	20000000	21000000	4|22	4|10	3|16
2	21000000	22000000	1|26	22|29	13|16
2	22000000	23000000	10|18	23|26	19|29
2	23000000	24000000	21|42	10|15	11|13
2	24000000	25000000	9|27	8|23	4|20
2	25000000	26000000	41|43	30|32	6|46
2	26000000	27000000	4|39	20|23	28|32
2	27000000	28000000	11|23	18|21	2|39
2	28000000	29000000	24|31	1|18	28|30
2	29000000	30000000	12|29	22|25	30|32
2	30000000	31000000	10|30	21|25	5|18
2	31000000	32000000	17|37	3|24	2|28
2	32000000	33000000	7|16	19|26	29|40
2	33000000	34000000	22|25	2|11	7|14
2	34000000	35000000	17|30	6|15	18|27
2	35000000	36000000	7|12	2|15	4|29
2	36000000	37000000	13|34	17|31	6|26
2	37000000	38000000	2|10	18|31	1|19
2	38000000	39000000	1|41	6|22	11|20
2	39000000	40000000	19|30	19|32	1|25
2	40000000	41000000	20|26	16|26	4|4
2	41000000	42000000	13|21	15|21	16|17
2	42000000	43000000	6|18	9|18	22|28
2	43000000	44000000	8|26	17|26	1|4
2	44000000	45000000	10|27	14|30	14|26
2	45000000	46000000	12|29	1|11	1|7
2	46000000	47000000	19|21	13|22	13|22
2	47000000	48000000	4|15	3|11	3|10
2	48000000	49000000	13|29	2|3	2|5
2	49000000	50000000	12|27	6|8	8|10
2	50000000	51000000	8|28	12|20	12|14
2	51000000	52000000	18|29	23|26	24|26
2	52000000	53000000	7|10	4|10	1|18
2	53000000	54000000	3|21	3|15	3|31
2	54000000	55000000	1|31	4|8	1|32
2	55000000	56000000	13|20	4|32	20|22
2	56000000	57000000	6|31	22|32	18|31
2	57000000	58000000	8|13	1|15	4|8
2	58000000	59000000	27|28	38|42	13|28
2	59000000	60000000	13|35	3|13	32|35
2	60000000	61000000	5|41	4|37	26|41
2	61000000	62000000	6|37	29|33	4|55
2	62000000	63000000	14|35	24|32	22|32
2	63000000	64000000	30|42	5|17	8|17
2	64000000	65000000	26|38	18|21	31|43
2	65000000	66000000	6|16	7|11	6|23
2	66000000	67000000	18|32	15|X	1|18
2	67000000	68000000	19|32	20|30	1|34
2	68000000	69000000	3|35	26|45	7|41
2	69000000	70000000	6|17	20|36	2|10
2	70000000	71000000	4|8	24|33	3|37
2	71000000	72000000	7|31	3|40	13|14
2	72000000	73000000	15|28	3|7	13|32
2	73000000	74000000	27|35	3|11	4|24
2	74000000	75000000	21|29	9|37	2|41
2	75000000	76000000	32|38	1|42	27|35
2	76000000	77000000	8|42	31|35	14|29
2	77000000	78000000	1|29	9|21	28|39
2	78000000	79000000	11|16	17|27	3|10
2	79000000	80000000	10|35	13|27	49|52
2	80000000	81000000	20|50	11|11	6|32
2	81000000	82000000	19|50	19|19	19|37
2	82000000	83000000	1|46	50|50	42|52
2	83000000	84000000	2|8	10|10	36|60
2	84000000	85000000	38|71	17|22	21|27
2	85000000	86000000	4|8	4|4	4|17
3	0	1000000	2|14	1|14	1|9
3	1000000	2000000	1|11	8|12	2|6
3	2000000	3000000	8|13	2|3	9|13
3	3000000	4000000	8|19	1|5	7|8
3	4000000	5000000	14|22	7|17	10|15
3	5000000	6000000	9|13	1|7	10|20
3	6000000	7000000	1|19	2|10	14|23
3	7000000	8000000	6|17	13|14	8|11
3	8000000	9000000	10|19	21|26	1|3
3	9000000	10000000	1|30	4|21	4|7
3	10000000	11000000	1|3	7|10	7|10
3	11000000	12000000	26|29	2|18	7|18
3	12000000	13000000	1|4	1|7	7|12
3	13000000	14000000	10|16	15|34	25|34
3	14000000	15000000	27|29	18|36	7|36
3	15000000	16000000	4|22	1|20	14|20
3	16000000	17000000	15|33	19|31	13|19
3	17000000	18000000	1|3	5|5	2|5
3	18000000	19000000	3|21	15|15	15|25
3	19000000	20000000	13|19	8|8	8|26
3	20000000	21000000	14|27	3|3	2|3
3	21000000	22000000	12|16	1|1	1|23
3	22000000	23000000	6|23	15|15	16|30
3	23000000	24000000	14|35	3|3	22|24
3	24000000	25000000	7|25	1|10	17|17
3	25000000	26000000	20|26	2|4	24|24
3	26000000	27000000	2|26	1|7	4|4
3	27000000	28000000	6|30	4|29	26|26
3	28000000	29000000	2|4	13|27	15|23
3	29000000	30000000	21|26	2|27	24|31
3	30000000	31000000	22|30	8|17	10|28
3	31000000	32000000	9|23	1|28	4|33
3	32000000	33000000	21|34	5|27	2|13
3	33000000	34000000	12|14	3|27	23|33
3	34000000	35000000	15|28	6|22	4|9
3	35000000	36000000	17|25	7|14	13|21
3	36000000	37000000	12|28	1|3	23|28
3	37000000	38000000	2|28	2|14	18|28
3	38000000	39000000	12|12	3|12	12|14
3	39000000	40000000	27|29	29|30	21|27
3	40000000	41000000	7|7	7|22	2|7
3	41000000	42000000	17|17	12|18	2|17
3	42000000	43000000	2|2	10|12	2|26
3	43000000	44000000	18|20	1|16	18|27
3	44000000	45000000	16|22	35|39	21|32
3	45000000	46000000	17|22	18|32	10|16
3	46000000	47000000	22|30	7|21	26|27
3	47000000	48000000	3|24	23|34	35|39
3	48000000	49000000	23|31	26|35	7|15
3	49000000	50000000	2|45	3|12	34|37
3	50000000	51000000	1|21	11|13	26|32
3	51000000	52000000	7|17	17|34	14|36
3	52000000	53000000	1|13	7|10	23|30
3	53000000	54000000	1|7	3|30	6|30
3	54000000	55000000	1|32	22|33	21|31
3	55000000	56000000	2|13	28|33	19|22
3	56000000	57000000	5|35	23|25	6|19
3	57000000	58000000	33|37	24|29	10|19
3	58000000	59000000	13|33	6|28	3|30
3	59000000	60000000	22|35	11|16	28|43
3	60000000	61000000	5|6	10|18	7|36
3	61000000	62000000	1|23	6|10	7|13
3	62000000	63000000	1|5	16|25	3|21
3	63000000	64000000	1|45	11|35	17|24
3	64000000	65000000	15|25	3|27	27|43
3	65000000	66000000	2|7	10|40	28|40
3	66000000	67000000	3|21	24|26	7|24
3	67000000	68000000	1|19	7|19	19|37
3	68000000	69000000	5|22	7|22	12|22
3	69000000	70000000	8|21	8|13	8|24
3	70000000	71000000	13|30	19|29	29|32
3	71000000	72000000	19|27	7|9	7|26
3	72000000	73000000	18|25	6|17	6|16
3	73000000	74000000	27|39	19|38	17|38
3	74000000	75000000	23|38	39|45	20|45
3	75000000	76000000	12|24	32|35	19|35
3	76000000	77000000	2|39	15|17	17|34
3	77000000	78000000	6|34	11|12	11|29
3	78000000	79000000	23|38	7|13	7|18
3	79000000	80000000	4|15	38|40	21|37
3	80000000	81000000	7|43	19|38	30|47
3	81000000	82000000	11|24	16|23	19|30
3	82000000	83000000	21|35	4|40	18|24
3	83000000	84000000	3|38	21|32	14|28
3	84000000	85000000	13|22	38|47	29|43
3	85000000	86000000	11|15	9|30	41|47
3	86000000	87000000	12|21	15|20	11|40
3	87000000	88000000	23|25	2|20	8|14
3	88000000	89000000	4|39	14|22	31|38
3	89000000	90000000	2|34	8|49	5|40
3	90000000	91000000	3|5	11|23	32|59
3	91000000	92000000	29|31	28|33	3|27
4	0	1000000	17|21	10|18	16|16
4	1000000	2000000	3|12	7|13	3|3
4	2000000	3000000	1|1	6|14	9|9
4	3000000	4000000	7|16	4|5	12|12
4	4000000	5000000	9|18	2|3	15|15
4	5000000	6000000	2|16	11|12	8|8
4	6000000	7000000	13|21	5|10	8|8
4	7000000	8000000	10|19	4|17	13|13
4	8000000	9000000	4|23	13|25	18|18
4	9000000	10000000	9|19	16|17	20|20
4	10000000	11000000	3|8	10|15	13|13
4	11000000	12000000	5|22	18|25	29|29
4	12000000	13000000	11|35	4|8	30|31
4	13000000	14000000	1|1	17|27	8|13
4	14000000	15000000	9|16	24|37	19|38
4	15000000	16000000	6|25	9|22	17|17
4	16000000	17000000	1|6	14|21	12|12
4	17000000	18000000	9|24	9|27	11|11
4	18000000	19000000	12|25	12|22	2|2
4	19000000	20000000	4|26	11|29	24|24
4	20000000	21000000	18|18	27|30	12|12
4	21000000	22000000	22|23	19|28	6|6
4	22000000	23000000	1|25	2|3	6|6
4	23000000	24000000	1|4	2|8	19|19
4	24000000	25000000	1|13	4|6	19|19
4	25000000	26000000	5|31	1|8	20|20
4	26000000	27000000	7|25	12|28	12|12
4	27000000	28000000	21|33	3|30	3|3
4	28000000	29000000	1|32	20|37	37|37
4	29000000	30000000	18|29	6|11	11|11
4	30000000	31000000	2|21	12|18	18|18
4	31000000	32000000	3|11	19|31	19|19
4	32000000	33000000	7|19	8|27	27|27
4	33000000	34000000	4|24	9|21	21|21
4	34000000	35000000	3|19	4|8	4|4
4	35000000	36000000	18|26	1|7	7|7
4	36000000	37000000	12|30	6|20	6|6
4	37000000	38000000	25|33	12|19	12|12
4	38000000	39000000	5|25	16|25	16|16
4	39000000	40000000	11|17	9|28	28|28
4	40000000	41000000	6|11	12|27	27|27
4	41000000	42000000	12|17	26|32	32|32
4	42000000	43000000	15|29	1|26	1|1
4	43000000	44000000	4|41	36|44	45|45
4	44000000	45000000	3|20	22|36	15|15
4	45000000	46000000	1|19	12|14	25|25
4	46000000	47000000	14|34	3|10	13|13
4	47000000	48000000	18|39	4|12	20|20
4	48000000	49000000	3|5	36|41	41|41
4	49000000	50000000	9|16	8|35	7|7
4	50000000	51000000	13|21	15|45	35|35
4	51000000	52000000	1|8	19|33	36|36
4	52000000	53000000	1|25	7|10	28|28
4	53000000	54000000	3|33	28|41	26|26
4	54000000	55000000	5|37	8|23	30|30
4	55000000	56000000	13|19	21|33	9|9
4	56000000	57000000	16|18	13|35	6|6
4	57000000	58000000	4|39	2|25	28|28
4	58000000	59000000	2|22	5|40	8|13
4	59000000	60000000	19|26	40|46	21|23
4	60000000	61000000	2|6	21|23	7|30
4	61000000	62000000	17|32	2|20	5|10
4	62000000	63000000	19|29	3|31	3|22
4	63000000	64000000	12|25	4|34	8|30
4	64000000	65000000	7|35	22|32	13|14
4	65000000	66000000	28|33	12|19	8|30
4	66000000	67000000	2|33	7|40	11|15
4	67000000	68000000	1|22	5|15	10|34
4	68000000	69000000	29|36	3|16	7|13
4	69000000	70000000	18|40	20|33	3|35
4	70000000	71000000	5|37	3|29	8|19
4	71000000	72000000	13|16	1|1	4|16
4	72000000	73000000	3|31	8|8	24|31
4	73000000	74000000	1|3	30|30	2|39
4	74000000	75000000	17|24	3|3	14|31
4	75000000	76000000	4|20	17|18	4|26
4	76000000	77000000	25|38	22|32	15|28
4	77000000	78000000	24|32	3|40	26|34
4	78000000	79000000	7|7	24|41	16|33
4	79000000	80000000	2|5	11|30	10|15
4	80000000	81000000	22|42	17|37	7|8
4	81000000	82000000	32|46	2|35	1|26
4	82000000	83000000	1|29	26|42	20|40
4	83000000	84000000	10|31	2|22	2|28
4	84000000	85000000	26|43	6|11	11|32
4	85000000	86000000	22|42	9|38	22|26
4	86000000	87000000	3|7	7|11	7|35
4	87000000	88000000	4|9	9|36	9|20
4	88000000	89000000	3|16	8|16	12|16
5	0	1000000	3|9	1|12	11|12
5	1000000	2000000	14|17	1|8	5|8
5	2000000	3000000	4|10	1|10	10|18
5	3000000	4000000	5|15	1|5	5|21
5	4000000	5000000	12|22	2|9	9|23
5	5000000	6000000	17|29	1|29	22|29
5	6000000	7000000	9|22	2|9	9|24
5	7000000	8000000	2|17	2|8	2|8
5	8000000	9000000	17|18	2|16	13|16
5	9000000	10000000	7|33	3|24	21|24
5	10000000	11000000	9|16	21|24	3|23
5	11000000	12000000	29|37	9|19	13|34
5	12000000	13000000	11|34	4|32	13|32
5	13000000	14000000	2|12	19|42	26|46
5	14000000	15000000	11|29	9|33	9|30
5	15000000	16000000	24|32	12|18	12|26
5	16000000	17000000	25|35	20|22	5|20
5	17000000	18000000	4|44	12|27	15|21
5	18000000	19000000	3|5	16|25	6|45
5	19000000	20000000	8|13	3|31	21|34
5	20000000	21000000	8|26	3|7	10|44
5	21000000	22000000	5|24	7|8	12|24
5	22000000	23000000	15|28	23|37	18|43
5	23000000	24000000	33|40	7|22	7|32
5	24000000	25000000	30|34	7|24	3|26
5	25000000	26000000	16|23	10|20	24|37
5	26000000	27000000	21|29	8|22	15|24
5	27000000	28000000	2|7	21|41	4|32
5	28000000	29000000	3|39	7|35	20|24
5	29000000	30000000	5|33	9|28	12|14
5	30000000	31000000	22|31	16|30	7|10
5	31000000	32000000	15|23	5|22	20|24
5	32000000	33000000	9|28	6|18	17|25
5	33000000	34000000	7|13	8|28	3|19
5	34000000	35000000	8|25	18|20	24|27
5	35000000	36000000	3|30	11|28	15|26
5	36000000	37000000	3|28	11|21	6|22
5	37000000	38000000	4|9	14|35	1|22
5	38000000	39000000	2|16	22|24	17|27
5	39000000	40000000	3|14	19|25	17|20
5	40000000	41000000	1|12	14|17	3|26
5	41000000	42000000	1|22	9|11	13|17
5	42000000	43000000	21|24	15|29	7|14
5	43000000	44000000	5|6	7|13	9|12
5	44000000	45000000	9|27	7|16	4|20
5	45000000	46000000	1|22	7|26	11|19
5	46000000	47000000	6|34	3|15	5|9
5	47000000	48000000	18|24	23|33	22|25
5	48000000	49000000	20|26	21|22	2|7
5	49000000	50000000	7|16	23|31	26|33
5	50000000	51000000	2|45	22|34	6|16
5	51000000	52000000	12|28	6|27	2|21
5	52000000	53000000	15|15	16|33	4|17
5	53000000	54000000	25|28	8|42	37|40
5	54000000	55000000	7|7	10|31	12|34
5	55000000	56000000	37|38	11|43	24|50
5	56000000	57000000	1|25	5|10	31|31
5	57000000	58000000	1|35	10|32	25|26
5	58000000	59000000	2|29	4|38	36|42
5	59000000	60000000	10|28	16|24	10|31
5	60000000	61000000	6|35	14|18	6|29
5	61000000	62000000	15|34	5|26	15|17
5	62000000	63000000	4|15	6|10	4|21
5	63000000	64000000	9|20	4|17	5|20
5	64000000	65000000	6|23	2|33	6|28
5	65000000	66000000	6|10	22|42	6|19
5	66000000	67000000	1|13	45|57	1|15
5	67000000	68000000	40|42	15|23	29|42
5	68000000	69000000	10|36	27|32	10|37
5	69000000	70000000	4|29	4|11	17|29
5	70000000	71000000	6|14	6|25	13|14
5	71000000	72000000	7|34	27|34	7|13
5	72000000	73000000	5|9	8|9	3|33
5	73000000	74000000	7|41	17|41	10|19
5	74000000	75000000	13|18	4|8	25|27
5	75000000	76000000	11|16	3|23	2|26
5	76000000	77000000	1|11	5|14	19|23
5	77000000	78000000	20|29	6|12	7|26
5	78000000	79000000	20|22	9|38	1|37
5	79000000	80000000	10|15	19|23	26|28
5	80000000	81000000	3|21	7|15	5|6
5	81000000	82000000	22|25	5|23	16|20
5	82000000	83000000	28|33	1|25	7|40
5	83000000	84000000	9|22	1|45	25|30
5	84000000	85000000	37|45	4|40	43|49
5	85000000	86000000	29|37	2|24	12|22
5	86000000	87000000	16|39	2|44	20|35
5	87000000	88000000	27|42	4|25	31|43
5	88000000	89000000	18|42	2|42	47|47
6	0	1000000	8|10	9|13	4|9
6	1000000	2000000	5|14	2|9	2|10
6	2000000	3000000	2|11	5|8	5|8
6	3000000	4000000	9|17	4|13	11|13
6	4000000	5000000	6|12	2|15	13|15
6	5000000	6000000	3|9	5|20	5|23
6	6000000	7000000	5|12	16|18	9|18
6	7000000	8000000	15|23	9|10	9|24
6	8000000	9000000	4|10	6|27	3|27
6	9000000	10000000	12|32	20|23	5|20
6	10000000	11000000	3|37	25|32	12|24
6	11000000	12000000	15|19	7|35	19|23
6	12000000	13000000	1|19	12|20	18|21
6	13000000	14000000	3|13	5|11	5|16
6	14000000	15000000	1|15	21|32	13|21
6	15000000	16000000	32|45	2|8	2|34
6	16000000	17000000	3|45	10|27	27|42
6	17000000	18000000	3|28	1|30	29|30
6	18000000	19000000	19|21	23|42	2|42
6	19000000	20000000	17|25	2|9	3|17
6	20000000	21000000	5|42	2|31	3|39
6	21000000	22000000	9|23	12|27	10|23
6	22000000	23000000	1|15	1|4	7|19
6	23000000	24000000	29|35	27|35	23|31
6	24000000	25000000	25|27	2|25	4|33
6	25000000	26000000	7|29	9|13	5|20
6	26000000	27000000	8|19	11|32	18|24
6	27000000	28000000	10|29	2|35	5|35
6	28000000	29000000	22|23	16|23	23|27
6	29000000	30000000	4|16	2|5	2|23
6	30000000	31000000	5|28	20|23	21|23
6	31000000	32000000	23|29	1|13	6|26
6	32000000	33000000	23|24	4|8	13|17
6	33000000	34000000	4|20	29|33	18|18
6	34000000	35000000	20|27	27|41	11|11
6	35000000	36000000	5|26	16|26	2|2
6	36000000	37000000	5|13	4|5	12|12
6	37000000	38000000	5|13	13|24	7|7
6	38000000	39000000	1|17	15|17	5|5
6	39000000	40000000	2|7	11|14	19|19
6	40000000	41000000	13|26	22|27	7|7
6	41000000	42000000	11|28	4|18	17|17
6	42000000	43000000	21|28	1|21	13|13
6	43000000	44000000	21|25	24|34	46|46
6	44000000	45000000	13|36	11|33	35|35
6	45000000	46000000	21|25	3|25	16|16
6	46000000	47000000	16|26	17|26	39|39
6	47000000	48000000	5|29	12|29	8|8
6	48000000	49000000	14|30	14|41	38|38
6	49000000	50000000	7|33	5|7	30|30
6	50000000	51000000	14|36	12|28	15|16
6	51000000	52000000	10|30	7|18	3|13
6	52000000	53000000	17|19	9|20	2|24
6	53000000	54000000	6|30	8|21	7|27
6	54000000	55000000	18|26	2|43	6|25
6	55000000	56000000	33|35	15|20	12|29
6	56000000	57000000	2|27	18|27	29|29
6	57000000	58000000	7|11	6|11	32|32
6	58000000	59000000	2|28	18|28	21|21
6	59000000	60000000	7|15	12|15	28|28
6	60000000	61000000	31|35	19|31	4|4
6	61000000	62000000	17|30	1|30	11|11
6	62000000	63000000	14|22	22|23	16|16
6	63000000	64000000	11|20	8|11	17|17
6	64000000	65000000	11|30	4|11	7|7
6	65000000	66000000	18|18	4|18	11|11
6	66000000	67000000	29|29	9|29	16|16
6	67000000	68000000	17|17	7|21	29|29
6	68000000	69000000	11|14	1|5	28|28
6	69000000	70000000	7|9	1|15	32|32
6	70000000	71000000	15|34	1|13	19|19
6	71000000	72000000	16|17	3|27	40|40
6	72000000	73000000	19|48	1|31	13|13
6	73000000	74000000	34|36	1|29	51|51
6	74000000	75000000	32|35	1|15	1|1
6	75000000	76000000	23|40	1|35	1|1
6	76000000	77000000	11|58	1|36	1|1
6	77000000	78000000	27|38	4|20	19|19
7	0	1000000	5|24	7|21	13|13
7	1000000	2000000	2|6	1|11	8|8
7	2000000	3000000	1|11	9|14	8|8
7	3000000	4000000	7|21	18|20	13|13
7	4000000	5000000	19|21	4|15	10|10
7	5000000	6000000	20|28	10|19	6|6
7	6000000	7000000	22|28	1|19	23|23
7	7000000	8000000	17|29	14|21	5|5
7	8000000	9000000	11|31	15|21	23|23
7	9000000	10000000	1|19	5|10	34|34
7	10000000	11000000	1|36	41|44	32|32
7	11000000	12000000	11|18	2|13	1|1
7	12000000	13000000	8|10	5|24	23|23
7	13000000	14000000	2|20	19|29	5|5
7	14000000	15000000	2|4	1|6	25|25
7	15000000	16000000	14|25	1|20	14|14
7	16000000	17000000	7|35	2|11	36|37
7	17000000	18000000	5|36	8|8	6|17
7	18000000	19000000	19|21	4|4	30|30
7	19000000	20000000	8|12	6|6	19|19
7	20000000	21000000	17|30	4|4	21|21
7	21000000	22000000	3|30	7|10	20|20
7	22000000	23000000	20|26	1|28	3|3
7	23000000	24000000	10|26	4|24	1|1
7	24000000	25000000	4|28	16|18	12|12
7	25000000	26000000	31|33	9|18	14|14
7	26000000	27000000	1|31	9|13	33|33
7	27000000	28000000	5|16	11|13	17|22
7	28000000	29000000	11|21	4|13	1|18
7	29000000	30000000	1|9	2|29	16|19
7	30000000	31000000	2|13	6|33	5|23
7	31000000	32000000	28|34	13|18	2|29
7	32000000	33000000	3|10	31|32	2|21
7	33000000	34000000	1|8	18|21	18|25
7	34000000	35000000	1|18	9|27	23|27
7	35000000	36000000	1|5	23|29	23|27
7	36000000	37000000	1|9	10|20	10|22
7	37000000	38000000	1|23	17|26	8|17
7	38000000	39000000	18|29	12|21	1|21
7	39000000	40000000	18|22	9|26	9|15
7	40000000	41000000	26|35	40|42	34|40
7	41000000	42000000	11|14	5|8	8|21
7	42000000	43000000	3|7	1|25	1|3
7	43000000	44000000	1|4	8|29	8|20
7	44000000	45000000	1|34	22|22	20|22
7	45000000	46000000	16|37	4|4	4|31
7	46000000	47000000	7|24	19|19	19|19
7	47000000	48000000	1|22	17|17	17|17
7	48000000	49000000	10|12	27|27	27|27
7	49000000	50000000	20|31	23|23	23|23
7	50000000	51000000	5|18	27|27	27|34
7	51000000	52000000	3|20	27|27	16|27
7	52000000	53000000	1|10	31|31	21|31
7	53000000	54000000	8|26	3|3	3|32
7	54000000	55000000	24|34	10|10	10|13
7	55000000	56000000	8|21	25|25	4|25
7	56000000	57000000	7|14	4|4	4|8
7	57000000	58000000	11|14	45|45	27|38
7	58000000	59000000	4|13	22|22	1|16
7	59000000	60000000	11|16	29|29	1|36
7	60000000	61000000	6|23	8|8	25|35
7	61000000	62000000	23|28	10|10	34|38
7	62000000	63000000	13|45	36|36	17|27
7	63000000	64000000	29|49	11|11	14|40
7	64000000	65000000	22|34	15|15	16|38
7	65000000	66000000	29|48	24|24	1|20
7	66000000	67000000	9|27	10|17	10|16
7	67000000	68000000	25|38	22|50	14|31
7	68000000	69000000	1|3	23|35	8|18
7	69000000	70000000	8|28	10|21	13|25
7	70000000	71000000	13|40	17|29	15|36
7	71000000	72000000	30|40	4|14	6|14
7	72000000	73000000	7|22	9|33	9|17
7	73000000	74000000	9|46	37|42	14|37
7	74000000	75000000	1|41	4|27	15|27
7	75000000	76000000	21|30	16|34	14|34
7	76000000	77000000	10|22	8|30	8|13
7	77000000	78000000	26|35	19|33	1|19
7	78000000	79000000	10|13	8|15	20|24
7	79000000	80000000	3|22	29|31	36|36
7	80000000	81000000	13|45	3|6	20|20
8	0	1000000	5|16	5|15	3|8
8	1000000	2000000	12|19	10|12	1|23
8	2000000	3000000	12|14	14|40	3|30
8	3000000	4000000	2|8	2|3	24|26
8	4000000	5000000	22|24	23|24	8|30
8	5000000	6000000	9|28	22|28	4|29
8	6000000	7000000	1|29	1|22	9|19
8	7000000	8000000	2|22	2|4	13|30
8	8000000	9000000	1|6	1|26	1|36
8	9000000	10000000	2|33	2|34	4|6
8	10000000	11000000	1|13	1|8	8|29
8	11000000	12000000	1|34	1|13	15|24
8	12000000	13000000	1|11	1|4	8|33
8	13000000	14000000	1|24	1|10	13|30
8	14000000	15000000	1|27	1|19	24|30
8	15000000	16000000	1|7	1|23	13|14
8	16000000	17000000	1|31	1|13	4|9
8	17000000	18000000	1|11	1|14	11|23
8	18000000	19000000	2|18	1|20	17|19
8	19000000	20000000	15|28	3|37	17|26
8	20000000	21000000	9|14	3|5	28|28
8	21000000	22000000	4|16	4|19	10|10
8	22000000	23000000	4|10	10|27	18|18
8	23000000	24000000	17|20	2|21	14|14
8	24000000	25000000	33|36	10|18	18|18
8	25000000	26000000	6|9	15|17	15|15
8	26000000	27000000	24|34	6|36	6|6
8	27000000	28000000	29|33	11|17	11|11
8	28000000	29000000	7|22	5|24	24|24
8	29000000	30000000	10|22	17|21	21|23
8	30000000	31000000	6|27	4|8	5|8
8	31000000	32000000	15|19	33|37	10|37
8	32000000	33000000	26|31	26|40	24|40
8	33000000	34000000	3|15	3|17	17|22
8	34000000	35000000	7|13	13|16	16|33
8	35000000	36000000	17|29	10|29	10|32
8	36000000	37000000	17|28	16|17	6|16
8	37000000	38000000	7|22	4|7	4|22
8	38000000	39000000	10|31	24|32	9|24
8	39000000	40000000	11|33	19|25	25|27
8	40000000	41000000	19|21	3|24	3|12
8	41000000	42000000	8|17	6|28	5|6
8	42000000	43000000	2|12	3|23	3|32
8	43000000	44000000	12|23	2|15	2|30
8	44000000	45000000	10|19	6|31	16|35
8	45000000	46000000	20|38	4|13	10|28
8	46000000	47000000	20|29	1|4	28|32
8	47000000	48000000	18|23	4|14	9|33
8	48000000	49000000	15|25	5|27	12|33
8	49000000	50000000	5|33	1|45	17|21
8	50000000	51000000	17|28	15|31	4|7
8	51000000	52000000	2|29	4|36	6|32
8	52000000	53000000	2|19	2|6	13|16
8	53000000	54000000	12|22	12|30	9|37
8	54000000	55000000	11|42	35|42	16|21
8	55000000	56000000	14|16	16|26	7|33
8	56000000	57000000	11|26	8|32	23|41
8	57000000	58000000	20|21	21|35	12|45
8	58000000	59000000	23|26	26|30	16|38
8	59000000	60000000	14|23	7|14	28|34
8	60000000	61000000	5|14	5|9	26|38
8	61000000	62000000	1|31	30|40	18|41
8	62000000	63000000	5|21	5|28	13|25
8	63000000	64000000	15|34	15|26	13|23
8	64000000	65000000	1|33	33|33	10|27
8	65000000	66000000	8|39	39|39	30|41
8	66000000	67000000	1|18	13|13	9|26
8	67000000	68000000	19|44	40|40	4|37
8	68000000	69000000	12|19	39|39	11|19
8	69000000	70000000	1|16	10|10	15|19
8	70000000	71000000	13|14	32|32	19|23
8	71000000	72000000	21|39	7|7	12|17
8	72000000	73000000	14|27	39|39	16|32
8	73000000	74000000	2|21	2|2	32|42
8	74000000	75000000	1|9	1|1	1|7
9	0	1000000	7|15	1|1	4|12
9	1000000	2000000	9|10	11|11	12|18
9	2000000	3000000	19|23	12|12	4|7
9	3000000	4000000	6|24	18|19	16|25
9	4000000	5000000	6|20	9|15	1|11
9	5000000	6000000	6|21	12|12	11|23
9	6000000	7000000	6|42	24|24	1|27
9	7000000	8000000	13|24	38|38	35|55
9	8000000	9000000	7|16	46|46	21|41
9	9000000	10000000	1|9	5|5	14|15
9	10000000	11000000	4|9	1|1	11|19
9	11000000	12000000	3|9	1|1	25|31
9	12000000	13000000	17|20	4|4	21|33
9	13000000	14000000	6|22	21|21	13|16
9	14000000	15000000	8|14	1|1	19|20
9	15000000	16000000	17|20	1|1	23|27
9	16000000	17000000	31|35	3|3	14|19
9	17000000	18000000	0|0	0|0	0|0
9	18000000	19000000	17|26	3|3	37|45
9	19000000	20000000	23|27	4|4	4|14
9	20000000	21000000	4|6	25|25	4|25
9	21000000	22000000	11|31	16|16	11|16
9	22000000	23000000	6|36	32|32	17|32
9	23000000	24000000	6|19	1|1	1|35
9	24000000	25000000	13|28	35|35	3|35
9	25000000	26000000	12|36	6|6	6|11
9	26000000	27000000	10|21	5|5	5|28
9	27000000	28000000	14|18	6|6	10|21
9	28000000	29000000	12|14	25|25	18|20
9	29000000	30000000	12|15	26|26	11|16
9	30000000	31000000	8|38	10|10	12|13
9	31000000	32000000	28|43	1|1	31|41
9	32000000	33000000	7|24	1|1	13|17
9	33000000	34000000	6|7	10|10	6|6
9	34000000	35000000	7|17	20|20	12|13
9	35000000	36000000	8|21	10|10	10|28
9	36000000	37000000	2|6	33|33	16|32
9	37000000	38000000	16|28	3|3	22|23
9	38000000	39000000	27|29	5|5	22|32
9	39000000	40000000	9|15	1|1	11|26
9	40000000	41000000	4|15	20|20	1|18
9	41000000	42000000	10|35	14|14	16|33
9	42000000	43000000	3|19	1|1	6|29
9	43000000	44000000	10|25	1|1	7|29
9	44000000	45000000	16|32	1|1	9|12
9	45000000	46000000	17|28	1|1	9|27
9	46000000	47000000	3|20	1|1	12|15
9	47000000	48000000	6|29	2|2	4|21
9	48000000	49000000	14|28	2|2	11|13
9	49000000	50000000	24|29	8|8	34|42
9	50000000	51000000	20|29	3|3	15|28
9	51000000	52000000	1|35	1|1	16|19
9	52000000	53000000	24|26	22|22	16|19
9	53000000	54000000	2|18	25|25	17|33
9	54000000	55000000	16|21	4|4	10|31
9	55000000	56000000	12|31	7|7	2|32
9	56000000	57000000	1|14	3|3	9|26
9	57000000	58000000	7|9	36|36	2|27
9	58000000	59000000	8|41	38|40	22|32
9	59000000	60000000	6|9	18|22	31|34
9	60000000	61000000	8|44	31|67	35|70
9	61000000	62000000	0|0	0|0	0|0
10	0	1000000	6|8	5|5	1|6
10	1000000	2000000	7|15	9|10	1|7
10	2000000	3000000	6|16	4|19	1|16
10	3000000	4000000	9|10	3|17	1|9
10	4000000	5000000	8|14	17|20	1|8
10	5000000	6000000	7|20	6|18	1|7
10	6000000	7000000	13|21	1|16	1|13
10	7000000	8000000	4|16	1|20	1|16
10	8000000	9000000	10|18	1|32	2|18
10	9000000	10000000	6|24	12|23	5|16
10	10000000	11000000	4|23	6|20	8|9
10	11000000	12000000	9|17	20|23	23|29
10	12000000	13000000	4|22	1|24	1|11
10	13000000	14000000	9|10	1|6	1|19
10	14000000	15000000	24|30	1|9	1|30
10	15000000	16000000	6|10	1|2	1|10
10	16000000	17000000	19|29	3|10	3|20
10	17000000	18000000	8|30	1|4	1|11
10	18000000	19000000	10|36	4|19	4|9
10	19000000	20000000	11|29	21|33	2|33
10	20000000	21000000	2|7	5|12	12|25
10	21000000	22000000	9|38	2|33	2|23
10	22000000	23000000	9|29	2|26	2|11
10	23000000	24000000	1|36	7|31	24|31
10	24000000	25000000	1|14	3|17	3|5
10	25000000	26000000	9|19	3|28	27|28
10	26000000	27000000	10|21	9|30	12|30
10	27000000	28000000	27|45	2|12	2|22
10	28000000	29000000	6|38	17|42	17|24
10	29000000	30000000	6|20	4|23	14|23
10	30000000	31000000	13|35	1|23	1|11
10	31000000	32000000	18|40	13|27	1|13
10	32000000	33000000	7|24	5|33	5|11
10	33000000	34000000	15|17	2|8	2|6
10	34000000	35000000	20|38	11|15	11|33
10	35000000	36000000	24|28	13|13	13|31
10	36000000	37000000	19|27	21|21	6|21
10	37000000	38000000	17|29	3|4	4|11
10	38000000	39000000	1|36	11|32	18|32
10	39000000	40000000	12|29	11|28	11|31
10	40000000	41000000	35|41	1|4	1|7
10	41000000	42000000	4|8	18|20	10|20
10	42000000	43000000	3|4	1|29	1|1
10	43000000	44000000	15|30	1|34	34|34
10	44000000	45000000	11|15	10|22	22|22
10	45000000	46000000	7|26	4|16	16|16
10	46000000	47000000	8|15	11|28	28|28
10	47000000	48000000	3|17	23|28	28|28
10	48000000	49000000	7|9	5|18	1|1
10	49000000	50000000	15|25	13|13	1|4
10	50000000	51000000	13|15	21|21	1|1
10	51000000	52000000	43|45	38|38	3|3
10	52000000	53000000	21|36	44|44	13|16
10	53000000	54000000	9|17	20|20	18|26
10	54000000	55000000	4|31	29|29	8|11
10	55000000	56000000	18|29	8|8	32|41
10	56000000	57000000	16|27	28|28	7|14
10	57000000	58000000	13|17	3|3	6|9
10	58000000	59000000	18|33	13|13	2|28
10	59000000	60000000	10|27	20|20	3|12
10	60000000	61000000	6|34	29|29	7|16
10	61000000	62000000	9|16	21|21	11|19
10	62000000	63000000	12|13	17|17	9|27
10	63000000	64000000	9|28	1|1	1|21
10	64000000	65000000	23|29	1|5	1|12
10	65000000	66000000	16|22	7|40	40|43
10	66000000	67000000	5|7	33|44	38|44
10	67000000	68000000	10|55	5|6	19|19
10	68000000	69000000	9|19	27|32	4|4
10	69000000	70000000	13|13	3|13	27|27
11	0	1000000	8|8	8|20	2|8
11	1000000	2000000	2|18	4|14	1|18
11	2000000	3000000	7|14	5|16	1|14
11	3000000	4000000	12|14	2|9	5|14
11	4000000	5000000	10|19	6|24	1|19
11	5000000	6000000	8|23	5|15	1|8
11	6000000	7000000	23|29	5|24	1|23
11	7000000	8000000	17|21	13|29	1|21
11	8000000	9000000	6|16	11|32	3|16
11	9000000	10000000	22|41	7|74	41|51
11	10000000	11000000	3|28	18|22	1|3
11	11000000	12000000	54|70	9|55	22|70
11	12000000	13000000	20|30	11|24	4|20
11	13000000	14000000	20|21	3|22	11|20
11	14000000	15000000	21|31	7|15	2|31
11	15000000	16000000	8|31	24|30	7|8
11	16000000	17000000	5|15	8|21	5|26
11	17000000	18000000	2|32	1|6	30|32
11	18000000	19000000	6|9	2|25	9|31
11	19000000	20000000	1|26	3|4	1|9
11	20000000	21000000	4|8	14|26	8|33
11	21000000	22000000	22|31	3|26	15|22
11	22000000	23000000	3|17	21|30	3|27
11	23000000	24000000	1|27	4|9	1|12
11	24000000	25000000	2|6	34|37	6|17
11	25000000	26000000	7|15	2|4	1|1
11	26000000	27000000	15|30	18|26	3|5
11	27000000	28000000	3|27	9|19	15|21
11	28000000	29000000	11|14	31|36	5|19
11	29000000	30000000	16|36	11|30	5|9
11	30000000	31000000	11|16	14|20	12|22
11	31000000	32000000	7|25	22|33	2|4
11	32000000	33000000	9|15	24|25	2|5
11	33000000	34000000	16|27	10|18	2|6
11	34000000	35000000	2|13	23|26	17|30
11	35000000	36000000	14|22	13|28	6|28
11	36000000	37000000	3|10	21|26	4|26
11	37000000	38000000	9|9	6|21	21|21
11	38000000	39000000	13|13	10|29	29|29
11	39000000	40000000	1|1	24|34	24|24
11	40000000	41000000	1|2	14|26	14|14
11	41000000	42000000	1|12	6|11	11|11
11	42000000	43000000	1|28	11|11	11|11
11	43000000	44000000	14|24	6|6	6|6
11	44000000	45000000	2|4	6|6	6|6
11	45000000	46000000	1|29	21|27	21|21
11	46000000	47000000	8|33	3|22	3|3
11	47000000	48000000	10|24	8|19	19|19
11	48000000	49000000	1|15	2|17	17|17
11	49000000	50000000	13|24	1|6	1|1
11	50000000	51000000	5|10	15|18	18|18
11	51000000	52000000	7|25	11|17	17|17
11	52000000	53000000	9|28	6|10	6|6
11	53000000	54000000	1|23	17|18	16|16
11	54000000	55000000	19|27	4|17	16|16
11	55000000	56000000	19|23	8|12	29|29
11	56000000	57000000	7|27	1|29	7|7
11	57000000	58000000	7|13	10|22	7|7
11	58000000	59000000	9|27	2|2	27|27
11	59000000	60000000	23|28	15|15	23|23
11	60000000	61000000	2|18	1|22	3|3
11	61000000	62000000	1|10	1|17	1|1
11	62000000	63000000	21|42	14|19	41|42
11	63000000	64000000	11|51	3|35	19|50
11	64000000	65000000	19|21	10|20	18|20
11	65000000	66000000	15|41	1|39	17|39
11	66000000	67000000	28|38	8|18	8|32
11	67000000	68000000	13|38	3|15	14|34
11	68000000	69000000	27|39	1|45	5|27
11	69000000	70000000	9|13	17|31	8|12
11	70000000	71000000	29|37	6|16	6|45
11	71000000	72000000	5|30	2|26	14|25
11	72000000	73000000	19|28	13|36	16|42
11	73000000	74000000	53|62	16|25	20|43
11	74000000	75000000	1|15	13|15	15|20
12	0	1000000	10|15	10|10	15|15
12	1000000	2000000	5|15	5|5	15|15
12	2000000	3000000	16|17	16|16	17|17
12	3000000	4000000	11|17	17|17	11|11
12	4000000	5000000	2|15	2|2	15|15
12	5000000	6000000	2|21	2|2	20|21
12	6000000	7000000	11|26	26|26	11|16
12	7000000	8000000	1|23	23|23	1|11
12	8000000	9000000	2|20	19|23	2|9
12	9000000	10000000	8|17	23|26	8|14
12	10000000	11000000	29|31	7|15	20|31
12	11000000	12000000	12|21	6|9	12|17
12	12000000	13000000	2|12	19|20	2|2
12	13000000	14000000	10|24	10|13	10|10
12	14000000	15000000	6|7	5|7	7|7
12	15000000	16000000	10|32	10|14	10|10
12	16000000	17000000	8|13	5|22	8|8
12	17000000	18000000	18|30	10|30	30|30
12	18000000	19000000	1|36	16|36	36|36
12	19000000	20000000	1|10	10|18	10|10
12	20000000	21000000	12|12	12|16	12|12
12	21000000	22000000	25|29	9|27	25|29
12	22000000	23000000	18|24	3|24	19|24
12	23000000	24000000	20|23	23|30	4|23
12	24000000	25000000	8|19	8|21	8|13
12	25000000	26000000	1|27	1|8	1|13
12	26000000	27000000	3|17	14|17	12|17
12	27000000	28000000	6|9	6|19	14|33
12	28000000	29000000	1|19	19|23	14|14
12	29000000	30000000	10|14	2|14	23|23
12	30000000	31000000	2|19	6|19	4|4
12	31000000	32000000	1|14	1|9	19|19
12	32000000	33000000	14|17	1|14	24|24
12	33000000	34000000	6|20	8|20	9|9
12	34000000	35000000	8|12	12|27	5|5
12	35000000	36000000	5|20	5|10	27|27
12	36000000	37000000	19|37	15|19	32|32
12	37000000	38000000	4|9	9|32	9|9
12	38000000	39000000	12|20	5|20	19|19
12	39000000	40000000	2|24	18|24	13|13
12	40000000	41000000	6|11	11|18	15|15
12	41000000	42000000	1|23	12|23	8|8
12	42000000	43000000	27|33	16|33	5|5
12	43000000	44000000	2|23	2|28	12|12
12	44000000	45000000	8|22	3|8	18|18
12	45000000	46000000	1|19	19|27	12|12
12	46000000	47000000	2|12	12|25	18|18
12	47000000	48000000	2|2	2|26	32|32
12	48000000	49000000	14|14	4|14	16|16
12	49000000	50000000	31|32	12|32	8|8
12	50000000	51000000	8|26	8|12	8|8
12	51000000	52000000	10|11	3|11	11|11
12	52000000	53000000	2|28	7|29	27|28
12	53000000	54000000	19|23	6|14	19|23
12	54000000	55000000	2|30	22|30	5|27
12	55000000	56000000	2|5	2|26	2|11
12	56000000	57000000	1|24	1|7	1|18
12	57000000	58000000	21|42	1|50	1|8
12	58000000	59000000	5|27	4|6	6|14
12	59000000	60000000	30|30	6|29	14|29
12	60000000	61000000	1|2	7|12	7|24
12	61000000	62000000	24|40	8|32	8|20
12	62000000	63000000	44|52	8|42	7|38
12	63000000	64000000	33|49	31|40	6|27
12	64000000	65000000	20|24	36|41	20|28
12	65000000	66000000	34|43	4|45	25|34
12	66000000	67000000	18|26	4|14	1|26
12	67000000	68000000	8|13	4|16	2|13
12	68000000	69000000	9|10	27|43	14|20
12	69000000	70000000	9|38	9|26	28|32
12	70000000	71000000	15|45	15|45	2|50
12	71000000	72000000	8|36	36|36	36|47
12	72000000	73000000	5|24	5|5	5|7
13	0	1000000	1|2	1|1	6|8
13	1000000	2000000	1|6	13|13	5|7
13	2000000	3000000	1|2	7|7	15|17
13	3000000	4000000	1|6	13|13	5|15
13	4000000	5000000	1|18	13|13	13|14
13	5000000	6000000	2|16	5|5	5|11
13	6000000	7000000	1|2	14|14	11|13
13	7000000	8000000	1|14	6|6	7|10
13	8000000	9000000	10|25	22|22	8|20
13	9000000	10000000	4|20	6|6	1|1
13	10000000	11000000	8|19	18|18	32|32
13	11000000	12000000	2|26	11|11	27|27
13	12000000	13000000	8|22	17|17	9|9
13	13000000	14000000	2|35	33|33	25|25
13	14000000	15000000	6|18	29|29	25|25
13	15000000	16000000	28|28	11|11	25|25
13	16000000	17000000	30|30	11|11	39|39
13	17000000	18000000	23|25	29|29	16|16
13	18000000	19000000	29|33	27|27	12|12
13	19000000	20000000	4|9	35|35	30|30
13	20000000	21000000	10|22	32|32	14|14
13	21000000	22000000	1|37	33|33	4|4
13	22000000	23000000	2|33	22|22	28|28
13	23000000	24000000	3|4	1|1	19|25
13	24000000	25000000	11|13	6|6	3|17
13	25000000	26000000	2|16	20|20	5|5
13	26000000	27000000	7|30	6|6	28|28
13	27000000	28000000	18|28	36|36	30|32
13	28000000	29000000	1|19	28|28	3|31
13	29000000	30000000	4|26	14|14	6|38
13	30000000	31000000	12|35	1|1	11|33
13	31000000	32000000	7|14	22|22	28|39
13	32000000	33000000	4|20	26|26	9|15
13	33000000	34000000	8|21	26|26	1|5
13	34000000	35000000	22|39	7|7	18|21
13	35000000	36000000	1|32	21|21	3|15
13	36000000	37000000	7|25	4|4	24|28
13	37000000	38000000	4|5	4|4	5|15
13	38000000	39000000	5|21	6|6	16|22
13	39000000	40000000	5|29	41|41	13|20
13	40000000	41000000	1|32	11|11	12|34
13	41000000	42000000	2|20	29|29	18|31
13	42000000	43000000	7|30	5|5	33|38
13	43000000	44000000	29|31	21|21	15|16
13	44000000	45000000	4|12	33|33	15|27
13	45000000	46000000	16|44	35|35	1|33
13	46000000	47000000	20|36	41|41	2|4
13	47000000	48000000	8|25	29|29	37|39
13	48000000	49000000	8|23	18|18	2|7
13	49000000	50000000	27|34	37|37	16|16
13	50000000	51000000	18|34	50|50	30|30
13	51000000	52000000	8|36	33|33	41|41
13	52000000	53000000	1|26	20|20	30|30
13	53000000	54000000	10|12	32|32	18|18
13	54000000	55000000	1|38	4|4	27|27
13	55000000	56000000	15|32	22|22	43|43
13	56000000	57000000	38|45	19|19	10|10
13	57000000	58000000	1|22	33|35	10|11
13	58000000	59000000	5|32	11|27	7|53
13	59000000	60000000	6|48	27|45	34|40
13	60000000	61000000	19|24	44|58	26|38
13	61000000	62000000	8|39	27|46	17|44
13	62000000	63000000	6|60	47|52	17|33
13	63000000	64000000	2|8	2|3	2|2
14	0	1000000	0|0	0|0	0|0
14	1000000	2000000	7|8	8|12	3|3
14	2000000	3000000	3|19	3|4	12|12
14	3000000	4000000	1|6	1|3	5|5
14	4000000	5000000	1|2	1|13	6|6
14	5000000	6000000	1|10	1|7	4|4
14	6000000	7000000	1|4	1|20	17|17
14	7000000	8000000	1|11	1|21	8|8
14	8000000	9000000	1|14	1|10	20|20
14	9000000	10000000	1|15	3|21	18|18
14	10000000	11000000	1|19	1|9	22|22
14	11000000	12000000	1|6	1|6	23|23
14	12000000	13000000	2|5	2|5	20|20
14	13000000	14000000	1|13	1|13	26|26
14	14000000	15000000	1|23	1|23	9|9
14	15000000	16000000	1|26	1|26	16|16
14	16000000	17000000	1|23	1|23	21|21
14	17000000	18000000	1|26	1|20	9|9
14	18000000	19000000	1|9	1|25	34|34
14	19000000	20000000	1|15	1|3	13|13
14	20000000	21000000	1|27	1|16	21|21
14	21000000	22000000	1|6	1|15	29|29
14	22000000	23000000	1|18	1|36	40|40
14	23000000	24000000	2|27	2|20	15|15
14	24000000	25000000	3|28	3|22	16|16
14	25000000	26000000	11|22	13|22	3|3
14	26000000	27000000	13|26	13|34	30|30
14	27000000	28000000	22|30	16|22	2|2
14	28000000	29000000	12|23	22|26	4|4
14	29000000	30000000	32|37	16|29	1|1
14	30000000	31000000	7|26	16|34	1|2
14	31000000	32000000	7|11	13|30	1|30
14	32000000	33000000	8|14	11|22	1|11
14	33000000	34000000	11|27	13|24	1|13
14	34000000	35000000	16|28	5|13	2|13
14	35000000	36000000	8|30	3|35	2|3
14	36000000	37000000	22|24	16|33	2|33
14	37000000	38000000	4|29	6|16	6|6
14	38000000	39000000	8|34	11|14	11|11
14	39000000	40000000	30|35	5|25	25|25
14	40000000	41000000	1|29	22|25	22|22
14	41000000	42000000	10|12	23|30	23|23
14	42000000	43000000	8|49	18|24	24|24
14	43000000	44000000	39|42	2|44	2|2
14	44000000	45000000	12|23	14|25	25|25
14	45000000	46000000	7|23	1|6	1|1
14	46000000	47000000	39|42	5|33	33|33
14	47000000	48000000	32|33	9|19	17|17
14	48000000	49000000	1|21	10|28	4|4
14	49000000	50000000	3|7	15|18	26|26
14	50000000	51000000	2|10	12|31	18|18
14	51000000	52000000	20|32	13|33	5|5
14	52000000	53000000	3|15	15|37	33|33
14	53000000	54000000	22|38	30|38	13|13
14	54000000	55000000	1|12	12|19	27|27
14	55000000	56000000	12|17	12|24	29|29
14	56000000	57000000	21|39	29|39	6|6
14	57000000	58000000	6|11	7|19	23|23
14	58000000	59000000	17|21	6|6	4|4
14	59000000	60000000	30|50	9|9	23|23
14	60000000	61000000	2|20	1|1	39|39
15	0	1000000	23|32	2|23	2|2
15	1000000	2000000	5|14	2|14	8|8
15	2000000	3000000	6|9	9|13	1|1
15	3000000	4000000	7|17	11|17	5|5
15	4000000	5000000	3|12	12|21	2|2
15	5000000	6000000	6|28	9|28	7|7
15	6000000	7000000	7|18	7|23	6|6
15	7000000	8000000	8|16	8|15	3|3
15	8000000	9000000	17|23	17|19	1|1
15	9000000	10000000	8|13	13|25	1|1
15	10000000	11000000	2|9	2|21	7|7
15	11000000	12000000	1|6	6|8	1|1
15	12000000	13000000	15|27	11|16	29|29
15	13000000	14000000	24|28	19|25	2|2
15	14000000	15000000	5|8	15|19	1|1
15	15000000	16000000	5|25	13|15	2|2
15	16000000	17000000	6|12	18|19	3|3
15	17000000	18000000	1|3	27|28	27|27
15	18000000	19000000	15|17	4|19	4|4
15	19000000	20000000	23|27	4|16	1|1
15	20000000	21000000	11|22	4|16	17|17
15	21000000	22000000	1|30	5|13	24|24
15	22000000	23000000	6|8	24|38	34|34
15	23000000	24000000	1|7	14|31	9|9
15	24000000	25000000	13|30	12|27	7|7
15	25000000	26000000	13|16	4|28	2|2
15	26000000	27000000	1|25	10|28	3|3
15	27000000	28000000	16|32	2|4	4|4
15	28000000	29000000	10|41	2|3	4|4
15	29000000	30000000	5|36	39|46	3|3
15	30000000	31000000	6|24	1|13	9|9
15	31000000	32000000	7|19	13|17	32|32
15	32000000	33000000	21|37	25|33	13|13
15	33000000	34000000	2|13	2|30	15|15
15	34000000	35000000	5|14	4|31	31|31
15	35000000	36000000	12|28	3|29	3|3
15	36000000	37000000	15|17	10|25	10|10
15	37000000	38000000	17|32	9|20	9|9
15	38000000	39000000	1|23	8|19	19|19
15	39000000	40000000	7|9	3|15	3|3
15	40000000	41000000	26|32	3|13	3|3
15	41000000	42000000	25|31	1|27	1|1
15	42000000	43000000	2|24	8|11	8|8
15	43000000	44000000	2|17	10|37	10|10
15	44000000	45000000	6|14	2|17	18|18
15	45000000	46000000	8|18	4|7	25|25
15	46000000	47000000	9|19	3|6	34|34
15	47000000	48000000	1|12	35|39	7|8
15	48000000	49000000	4|21	11|30	8|21
15	49000000	50000000	12|34	26|44	34|37
15	50000000	51000000	22|35	15|46	22|22
15	51000000	52000000	7|38	5|10	38|38
15	52000000	53000000	17|18	23|35	16|18
15	53000000	54000000	2|35	11|30	20|35
15	54000000	55000000	2|27	22|36	10|27
15	55000000	56000000	20|29	12|25	9|29
15	56000000	57000000	2|37	21|23	15|36
15	57000000	58000000	25|25	19|21	10|27
15	58000000	59000000	42|42	28|39	2|13
15	59000000	60000000	1|8	14|38	10|10
15	60000000	61000000	18|18	31|31	41|41
15	61000000	62000000	40|40	5|5	10|10
15	62000000	63000000	1|6	19|19	31|32
15	63000000	64000000	1|21	48|49	18|28
15	64000000	65000000	1|1	1|7	8|9
16	0	1000000	8|34	5|34	5|34
16	1000000	2000000	10|19	3|19	3|19
16	2000000	3000000	2|7	7|19	7|19
16	3000000	4000000	11|13	13|16	13|16
16	4000000	5000000	3|16	4|16	4|16
16	5000000	6000000	3|15	3|5	3|5
16	6000000	7000000	1|9	9|17	9|17
16	7000000	8000000	11|13	8|11	8|11
16	8000000	9000000	7|13	5|14	2|14
16	9000000	10000000	14|19	1|22	1|22
16	10000000	11000000	6|24	11|42	11|42
16	11000000	12000000	2|32	6|36	6|36
16	12000000	13000000	6|16	20|21	20|21
16	13000000	14000000	26|34	1|16	1|16
16	14000000	15000000	10|15	1|12	1|12
16	15000000	16000000	17|27	1|25	1|25
16	16000000	17000000	17|33	8|21	8|21
16	17000000	18000000	3|15	10|28	10|28
16	18000000	19000000	4|11	16|38	16|38
16	19000000	20000000	4|6	6|15	6|15
16	20000000	21000000	1|12	12|39	12|39
16	21000000	22000000	23|31	16|23	16|23
16	22000000	23000000	1|17	12|17	9|17
16	23000000	24000000	10|19	13|19	3|29
16	24000000	25000000	1|24	8|21	13|33
16	25000000	26000000	1|9	4|24	2|21
16	26000000	27000000	9|34	13|29	7|8
16	27000000	28000000	29|35	7|23	9|12
16	28000000	29000000	22|35	3|28	9|32
16	29000000	30000000	1|13	27|33	7|17
16	30000000	31000000	1|30	24|37	3|12
16	31000000	32000000	1|38	1|20	7|32
16	32000000	33000000	1|35	1|16	25|29
16	33000000	34000000	1|4	1|15	4|21
16	34000000	35000000	1|11	1|6	17|20
16	35000000	36000000	1|5	3|24	11|33
16	36000000	37000000	1|40	22|34	20|29
16	37000000	38000000	1|29	10|32	2|32
16	38000000	39000000	3|8	9|35	9|30
16	39000000	40000000	5|19	34|38	25|34
16	40000000	41000000	1|9	6|43	31|42
16	41000000	42000000	1|5	7|41	21|33
16	42000000	43000000	2|10	7|27	23|33
16	43000000	44000000	2|34	11|32	1|29
16	44000000	45000000	1|8	3|35	27|35
16	45000000	46000000	3|5	44|46	42|43
16	46000000	47000000	8|34	13|24	18|26
16	47000000	48000000	16|37	2|25	31|41
16	48000000	49000000	27|36	14|32	3|18
16	49000000	50000000	4|52	2|27	11|14
16	50000000	51000000	1|18	6|27	24|39
16	51000000	52000000	36|40	4|26	20|41
16	52000000	53000000	8|36	2|11	24|31
16	53000000	54000000	4|29	2|36	16|22
16	54000000	55000000	7|10	14|36	40|56
16	55000000	56000000	28|57	8|56	3|39
16	56000000	57000000	23|44	27|48	5|10
16	57000000	58000000	15|24	3|27	21|24
16	58000000	59000000	22|27	2|37	28|44
16	59000000	60000000	0|0	0|0	0|0
17	0	1000000	6|9	2|4	2|13
17	1000000	2000000	4|5	8|12	4|12
17	2000000	3000000	8|12	1|20	15|20
17	3000000	4000000	8|14	1|15	4|15
17	4000000	5000000	6|12	7|18	7|27
17	5000000	6000000	12|23	2|25	25|30
17	6000000	7000000	10|17	3|20	5|20
17	7000000	8000000	2|34	1|4	3|14
17	8000000	9000000	25|30	6|27	15|21
17	9000000	10000000	2|14	4|34	7|30
17	10000000	11000000	29|36	3|6	8|24
17	11000000	12000000	2|6	4|29	5|8
17	12000000	13000000	16|25	7|25	7|25
17	13000000	14000000	6|22	3|10	3|6
17	14000000	15000000	20|33	3|10	3|19
17	15000000	16000000	2|12	9|38	29|39
17	16000000	17000000	7|24	20|32	1|4
17	17000000	18000000	4|16	20|26	2|14
17	18000000	19000000	5|29	12|39	8|33
17	19000000	20000000	7|34	11|27	1|29
17	20000000	21000000	2|3	17|31	4|20
17	21000000	22000000	2|15	20|32	22|27
17	22000000	23000000	22|32	18|39	6|37
17	23000000	24000000	12|38	23|25	3|12
17	24000000	25000000	2|5	6|8	2|17
17	25000000	26000000	23|28	10|13	14|23
17	26000000	27000000	2|14	23|35	2|6
17	27000000	28000000	3|8	6|31	19|32
17	28000000	29000000	1|2	6|38	1|31
17	29000000	30000000	1|22	21|34	1|21
17	30000000	31000000	1|15	13|25	1|25
17	31000000	32000000	1|43	19|33	1|19
17	32000000	33000000	1|8	23|26	1|23
17	33000000	34000000	1|30	2|18	1|2
17	34000000	35000000	1|2	24|29	1|24
17	35000000	36000000	1|22	13|15	1|13
17	36000000	37000000	1|31	3|23	1|23
17	37000000	38000000	18|29	10|36	29|36
17	38000000	39000000	8|34	27|36	8|27
17	39000000	40000000	34|44	28|48	28|35
17	40000000	41000000	14|33	19|40	40|40
17	41000000	42000000	2|6	10|28	10|10
17	42000000	43000000	9|15	2|24	2|2
17	43000000	44000000	23|33	2|19	2|2
17	44000000	45000000	4|30	4|17	4|4
17	45000000	46000000	23|33	19|26	5|26
17	46000000	47000000	25|27	22|34	26|34
17	47000000	48000000	11|17	12|33	12|24
17	48000000	49000000	1|23	9|32	9|20
17	49000000	50000000	13|42	32|40	20|40
17	50000000	51000000	18|29	5|31	5|17
17	51000000	52000000	22|33	4|24	24|43
17	52000000	53000000	15|33	23|25	10|23
17	53000000	54000000	12|23	4|14	4|46
17	54000000	55000000	26|44	11|24	8|25
17	55000000	56000000	5|11	11|26	5|36
17	56000000	57000000	34|36	4|34	11|36
17	57000000	58000000	1|6	1|14	6|43
17	58000000	59000000	6|32	6|43	20|32
17	59000000	60000000	6|19	6|8	19|29
17	60000000	61000000	17|23	17|32	8|22
17	61000000	62000000	14|31	8|15	5|20
17	62000000	63000000	17|35	37|37	2|8
17	63000000	64000000	23|28	5|5	4|9
17	64000000	65000000	1|21	14|14	1|19
18	0	1000000	1|11	20|22	5|22
18	1000000	2000000	2|9	6|11	11|13
18	2000000	3000000	2|10	9|15	11|15
18	3000000	4000000	1|4	4|10	4|10
18	4000000	5000000	15|17	14|15	14|15
18	5000000	6000000	3|8	13|17	14|17
18	6000000	7000000	1|26	11|24	18|24
18	7000000	8000000	2|29	15|35	15|34
18	8000000	9000000	4|10	2|16	8|16
18	9000000	10000000	17|24	1|7	1|19
18	10000000	11000000	3|6	11|21	17|21
18	11000000	12000000	14|16	33|47	6|47
18	12000000	13000000	11|25	4|11	11|16
18	13000000	14000000	11|22	15|22	2|22
18	14000000	15000000	25|32	11|32	8|32
18	15000000	16000000	7|8	8|8	8|9
18	16000000	17000000	9|30	9|18	9|28
18	17000000	18000000	11|23	4|11	11|14
18	18000000	19000000	2|23	23|30	23|34
18	19000000	20000000	20|32	7|20	3|20
18	20000000	21000000	1|7	1|14	1|18
18	21000000	22000000	14|36	18|36	25|36
18	22000000	23000000	18|22	17|33	9|17
18	23000000	24000000	13|31	22|28	28|30
18	24000000	25000000	13|31	6|21	6|27
18	25000000	26000000	5|31	15|27	15|33
18	26000000	27000000	12|21	5|22	5|23
18	27000000	28000000	7|31	4|40	37|42
18	28000000	29000000	24|48	32|37	27|39
18	29000000	30000000	15|36	23|39	6|26
18	30000000	31000000	11|19	26|37	31|38
18	31000000	32000000	4|33	11|21	13|17
18	32000000	33000000	3|42	15|28	11|21
18	33000000	34000000	37|42	18|21	28|44
18	34000000	35000000	1|14	13|33	20|35
18	35000000	36000000	33|40	2|56	6|38
18	36000000	37000000	5|17	2|13	20|34
18	37000000	38000000	12|16	7|11	13|20
18	38000000	39000000	30|34	3|41	18|32
18	39000000	40000000	16|18	24|35	5|29
18	40000000	41000000	6|19	1|22	15|35
18	41000000	42000000	13|20	3|27	32|38
18	42000000	43000000	2|39	2|29	21|34
18	43000000	44000000	31|33	14|24	6|51
18	44000000	45000000	10|52	5|31	7|39
18	45000000	46000000	13|31	4|12	16|22
18	46000000	47000000	5|38	10|42	8|33
18	47000000	48000000	43|47	15|16	26|51
18	48000000	49000000	4|34	27|41	10|46
18	49000000	50000000	30|37	1|5	28|29
18	50000000	51000000	26|27	9|19	25|26
18	51000000	52000000	20|27	24|29	22|27
18	52000000	53000000	27|35	14|32	37|42
18	53000000	54000000	4|16	12|29	2|37
18	54000000	55000000	16|36	9|43	6|20
18	55000000	56000000	27|47	6|43	20|52
19	0	1000000	13|19	1|7	9|18
19	1000000	2000000	1|11	1|16	10|14
19	2000000	3000000	1|14	10|16	3|11
19	3000000	4000000	5|11	9|19	16|20
19	4000000	5000000	6|16	14|23	2|14
19	5000000	6000000	4|16	4|25	4|8
19	6000000	7000000	3|18	18|22	10|18
19	7000000	8000000	6|20	3|11	3|16
19	8000000	9000000	1|4	15|25	15|25
19	9000000	10000000	1|13	10|35	10|35
19	10000000	11000000	1|15	13|17	13|17
19	11000000	12000000	1|25	6|19	6|19
19	12000000	13000000	1|18	11|17	11|17
19	13000000	14000000	1|1	8|17	8|17
19	14000000	15000000	1|1	17|23	17|23
19	15000000	16000000	1|2	8|15	8|15
19	16000000	17000000	1|30	19|39	19|35
19	17000000	18000000	18|23	10|20	16|20
19	18000000	19000000	4|40	18|37	13|35
19	19000000	20000000	2|7	18|36	11|23
19	20000000	21000000	7|40	9|17	6|30
19	21000000	22000000	12|18	1|3	17|23
19	22000000	23000000	10|19	5|18	22|26
19	23000000	24000000	6|27	17|22	13|21
19	24000000	25000000	4|23	27|33	15|16
19	25000000	26000000	17|22	6|23	22|36
19	26000000	27000000	15|28	5|21	23|30
19	27000000	28000000	24|27	2|35	29|39
19	28000000	29000000	35|41	19|49	7|11
19	29000000	30000000	13|40	12|30	22|24
19	30000000	31000000	17|27	4|7	17|33
19	31000000	32000000	2|11	18|22	2|29
19	32000000	33000000	3|26	3|18	3|16
19	33000000	34000000	8|17	8|11	8|27
19	34000000	35000000	8|17	18|22	12|17
19	35000000	36000000	8|42	14|21	3|8
19	36000000	37000000	2|16	8|43	16|34
19	37000000	38000000	4|38	10|15	4|17
19	38000000	39000000	20|31	25|40	10|20
19	39000000	40000000	5|29	9|17	5|22
19	40000000	41000000	1|20	12|39	1|17
19	41000000	42000000	1|1	9|11	1|34
19	42000000	43000000	2|5	14|15	2|39
19	43000000	44000000	31|44	16|23	31|38
19	44000000	45000000	15|27	19|41	15|42
19	45000000	46000000	24|45	48|58	24|45
19	46000000	47000000	22|66	35|57	22|66
19	47000000	48000000	16|45	9|18	16|47
19	48000000	49000000	12|15	28|34	12|45
19	49000000	50000000	18|30	33|43	18|23
19	50000000	51000000	32|47	40|49	21|32
19	51000000	52000000	4|34	5|57	24|34
19	52000000	53000000	36|43	25|28	11|43
19	53000000	54000000	23|27	16|39	41|41
20	0	1000000	2|10	9|10	13|20
20	1000000	2000000	5|7	5|15	3|8
20	2000000	3000000	11|20	5|20	2|25
20	3000000	4000000	4|14	4|27	1|2
20	4000000	5000000	13|17	2|17	6|24
20	5000000	6000000	2|25	20|25	1|11
20	6000000	7000000	4|16	4|20	6|8
20	7000000	8000000	9|20	3|20	1|13
20	8000000	9000000	8|22	6|22	6|27
20	9000000	10000000	25|29	2|29	3|19
20	10000000	11000000	12|32	21|32	15|15
20	11000000	12000000	3|10	10|19	30|30
20	12000000	13000000	3|9	9|20	35|35
20	13000000	14000000	9|21	21|21	3|3
20	14000000	15000000	1|27	27|27	12|12
20	15000000	16000000	15|28	15|15	8|8
20	16000000	17000000	14|39	39|39	22|22
20	17000000	18000000	1|26	26|26	21|21
20	18000000	19000000	1|13	14|14	29|29
20	19000000	20000000	1|6	33|33	36|36
20	20000000	21000000	1|5	1|1	15|15
20	21000000	22000000	1|33	1|1	28|28
20	22000000	23000000	11|40	19|19	46|46
20	23000000	24000000	10|29	37|37	4|4
20	24000000	25000000	21|44	7|7	14|15
20	25000000	26000000	2|6	12|12	8|8
20	26000000	27000000	28|43	9|10	48|48
20	27000000	28000000	35|43	2|4	13|13
20	28000000	29000000	20|47	27|32	14|15
20	29000000	30000000	13|36	8|41	9|20
20	30000000	31000000	26|31	2|29	4|11
20	31000000	32000000	18|24	10|31	4|21
20	32000000	33000000	17|29	4|38	23|39
20	33000000	34000000	5|34	31|33	12|14
20	34000000	35000000	1|25	14|21	6|15
20	35000000	36000000	20|28	1|6	4|23
20	36000000	37000000	29|35	7|17	17|19
20	37000000	38000000	22|27	10|16	15|28
20	38000000	39000000	13|19	6|12	10|16
20	39000000	40000000	20|21	5|25	2|9
20	40000000	41000000	17|25	6|27	3|9
20	41000000	42000000	19|21	12|16	5|14
20	42000000	43000000	31|33	4|6	8|14
20	43000000	44000000	25|27	18|21	4|9
20	44000000	45000000	10|27	6|28	15|31
20	45000000	46000000	21|27	20|36	12|31
20	46000000	47000000	2|13	9|15	6|25
20	47000000	48000000	4|17	1|2	7|17
20	48000000	49000000	5|20	12|17	7|20
20	49000000	50000000	1|7	11|17	1|12
20	50000000	51000000	7|10	4|7	7|20
20	51000000	52000000	17|26	1|17	17|24
20	52000000	53000000	31|36	16|17	15|15
20	53000000	54000000	8|22	12|29	26|26
20	54000000	55000000	5|13	14|35	26|29
20	55000000	56000000	37|45	1|40	32|42
20	56000000	57000000	6|37	1|10	41|44
20	57000000	58000000	12|15	9|35	4|43
20	58000000	59000000	0|0	0|0	0|0
21	0	1000000	1|8	8|18	1|15
21	1000000	2000000	7|13	7|19	10|13
21	2000000	3000000	2|14	2|4	3|14
21	3000000	4000000	10|22	1|10	3|22
21	4000000	5000000	2|3	3|8	2|14
21	5000000	6000000	5|13	5|15	13|14
21	6000000	7000000	22|23	19|23	2|22
21	7000000	8000000	7|22	3|8	11|22
21	8000000	9000000	9|21	1|12	14|21
21	9000000	10000000	4|11	2|22	4|17
21	10000000	11000000	24|35	2|36	10|26
21	11000000	12000000	7|17	24|27	10|25
21	12000000	13000000	6|34	14|26	16|22
21	13000000	14000000	18|30	1|19	18|21
21	14000000	15000000	3|26	4|7	3|23
21	15000000	16000000	5|9	14|30	9|18
21	16000000	17000000	22|24	1|4	14|24
21	17000000	18000000	17|23	3|38	16|23
21	18000000	19000000	4|15	10|23	4|24
21	19000000	20000000	4|35	4|21	29|38
21	20000000	21000000	4|20	4|7	11|25
21	21000000	22000000	2|7	3|7	19|19
21	22000000	23000000	8|13	13|14	1|1
21	23000000	24000000	6|31	25|31	13|13
21	24000000	25000000	12|18	6|18	2|2
21	25000000	26000000	5|10	5|21	16|16
21	26000000	27000000	4|15	3|29	9|9
21	27000000	28000000	17|24	9|29	20|20
21	28000000	29000000	9|10	20|45	27|44
21	29000000	30000000	11|16	13|30	37|X
21	30000000	31000000	8|20	28|34	13|13
21	31000000	32000000	18|28	24|36	39|39
21	32000000	33000000	28|28	18|32	33|33
21	33000000	34000000	21|21	18|23	3|26
21	34000000	35000000	3|3	12|35	24|42
21	35000000	36000000	27|36	7|17	16|18
21	36000000	37000000	9|35	13|18	5|13
21	37000000	38000000	18|31	3|16	11|16
21	38000000	39000000	7|30	1|48	27|48
21	39000000	40000000	9|24	6|10	5|10
21	40000000	41000000	4|9	28|30	28|48
21	41000000	42000000	23|54	10|52	38|52
21	42000000	43000000	16|46	4|46	4|29
21	43000000	44000000	6|15	15|16	10|16
21	44000000	45000000	2|21	2|18	12|18
21	45000000	46000000	2|15	2|12	3|12
21	46000000	47000000	1|37	1|40	26|40
21	47000000	48000000	8|25	3|8	3|39
21	48000000	49000000	3|16	3|51	10|51
21	49000000	50000000	16|28	24|32	24|36
21	50000000	51000000	11|44	13|31	31|31
22	0	1000000	1|17	1|1	1|14
22	1000000	2000000	1|6	1|1	1|14
22	2000000	3000000	1|11	1|1	1|5
22	3000000	4000000	1|11	1|1	1|20
22	4000000	5000000	1|5	1|1	1|11
22	5000000	6000000	1|22	1|1	1|9
22	6000000	7000000	1|5	2|2	2|12
22	7000000	8000000	1|10	2|2	2|13
22	8000000	9000000	1|4	5|5	5|11
22	9000000	10000000	1|13	6|6	6|27
22	10000000	11000000	23|24	12|12	10|13
22	11000000	12000000	17|18	27|27	14|25
22	12000000	13000000	20|26	29|29	22|27
22	13000000	14000000	1|16	17|17	24|26
22	14000000	15000000	11|30	32|32	1|22
22	15000000	16000000	2|6	8|8	3|30
22	16000000	17000000	1|10	21|21	10|23
22	17000000	18000000	16|21	9|9	4|17
22	18000000	19000000	6|9	12|12	4|10
22	19000000	20000000	4|17	20|20	6|10
22	20000000	21000000	23|30	9|9	10|23
22	21000000	22000000	5|43	28|28	8|41
22	22000000	23000000	3|32	26|26	16|43
22	23000000	24000000	1|11	28|28	8|25
22	24000000	25000000	15|28	26|26	12|18
22	25000000	26000000	2|9	19|19	12|22
22	26000000	27000000	1|40	17|17	6|27
22	27000000	28000000	3|31	18|18	4|10
22	28000000	29000000	19|22	3|3	15|24
22	29000000	30000000	25|30	10|10	5|22
22	30000000	31000000	6|26	10|10	14|31
22	31000000	32000000	29|35	1|1	7|10
22	32000000	33000000	2|4	12|12	17|23
22	33000000	34000000	13|18	8|8	8|20
22	34000000	35000000	9|15	21|21	3|21
22	35000000	36000000	4|9	25|25	8|26
22	36000000	37000000	1|26	29|30	17|19
22	37000000	38000000	15|17	1|20	3|20
22	38000000	39000000	13|31	4|9	9|20
22	39000000	40000000	9|36	20|29	2|23
22	40000000	41000000	10|28	14|30	7|8
22	41000000	42000000	4|6	17|31	20|33
22	42000000	43000000	9|40	6|17	22|29
22	43000000	44000000	27|28	4|18	8|29
22	44000000	45000000	2|36	12|28	1|2
22	45000000	46000000	3|14	6|30	14|23
22	46000000	47000000	19|29	1|29	16|25
22	47000000	48000000	26|35	24|37	16|17
22	48000000	49000000	19|31	42|42	7|25
22	49000000	50000000	1|14	10|10	14|17
22	50000000	51000000	2|29	27|27	6|29
22	51000000	52000000	44|47	36|36	5|51
22	52000000	53000000	7|21	6|6	27|48
22	53000000	54000000	1|43	5|5	22|22
22	54000000	55000000	14|46	34|34	21|38
22	55000000	56000000	12|23	7|7	33|42
22	56000000	57000000	4|21	6|6	42|46
22	57000000	58000000	9|41	1|1	31|41
22	58000000	59000000	5|49	24|24	5|7
22	59000000	60000000	29|34	12|12	29|48
22	60000000	61000000	34|47	59|59	17|45
22	61000000	62000000	4|26	27|27	16|23
23	0	1000000	7|11	1|3	3|3
23	1000000	2000000	6|17	1|10	10|11
23	2000000	3000000	9|27	5|10	10|23
23	3000000	4000000	15|22	13|18	7|13
23	4000000	5000000	2|8	1|23	17|23
23	5000000	6000000	1|9	3|11	11|17
23	6000000	7000000	4|20	7|27	7|19
23	7000000	8000000	7|27	4|9	9|26
23	8000000	9000000	13|35	3|11	11|18
23	9000000	10000000	1|21	5|13	5|11
23	10000000	11000000	6|8	17|20	15|16
23	11000000	12000000	12|27	29|33	18|35
23	12000000	13000000	2|26	8|14	32|49
23	13000000	14000000	11|39	17|21	3|33
23	14000000	15000000	12|31	16|21	19|32
23	15000000	16000000	1|30	8|24	5|17
23	16000000	17000000	26|32	9|17	6|38
23	17000000	18000000	2|30	11|25	6|28
23	18000000	19000000	12|24	1|26	29|35
23	19000000	20000000	4|12	8|22	12|19
23	20000000	21000000	6|26	4|22	6|29
23	21000000	22000000	9|28	4|26	9|35
23	22000000	23000000	1|27	9|11	21|24
23	23000000	24000000	6|20	23|27	3|21
23	24000000	25000000	27|32	3|7	10|10
23	25000000	26000000	4|14	8|14	19|19
23	26000000	27000000	15|18	14|19	2|2
23	27000000	28000000	1|6	18|20	23|23
23	28000000	29000000	12|27	10|24	3|3
23	29000000	30000000	11|26	19|25	9|9
23	30000000	31000000	2|23	5|19	24|24
23	31000000	32000000	19|36	22|28	31|31
23	32000000	33000000	1|24	6|20	1|1
23	33000000	34000000	2|20	19|24	20|20
23	34000000	35000000	6|23	14|29	6|6
23	35000000	36000000	6|37	31|34	6|6
23	36000000	37000000	10|23	35|37	10|10
23	37000000	38000000	17|22	3|32	22|22
23	38000000	39000000	31|32	2|6	31|31
23	39000000	40000000	2|16	12|37	16|16
23	40000000	41000000	10|31	8|28	10|10
23	41000000	42000000	19|27	9|23	19|19
23	42000000	43000000	1|18	4|16	1|1
23	43000000	44000000	6|30	8|14	2|5
23	44000000	45000000	10|32	18|23	14|32
23	45000000	46000000	2|17	25|48	2|48
23	46000000	47000000	4|22	37|41	3|39
23	47000000	48000000	5|35	17|49	17|23
23	48000000	49000000	25|45	26|40	19|28
23	49000000	50000000	23|24	5|50	40|43
23	50000000	51000000	28|44	27|52	17|24
23	51000000	52000000	2|26	14|44	6|27
23	52000000	53000000	6|13	4|4	8|17
24	0	1000000	12|17	20|20	1|20
24	1000000	2000000	20|21	3|3	3|9
24	2000000	3000000	1|11	8|8	2|8
24	3000000	4000000	9|12	14|14	3|14
24	4000000	5000000	14|19	5|5	5|19
24	5000000	6000000	10|21	16|16	8|14
24	6000000	7000000	1|25	28|28	2|18
24	7000000	8000000	21|27	6|6	1|9
24	8000000	9000000	3|15	3|3	9|24
24	9000000	10000000	25|32	25|25	6|20
24	10000000	11000000	7|15	18|18	9|25
24	11000000	12000000	8|35	31|31	23|30
24	12000000	13000000	1|29	24|24	8|18
24	13000000	14000000	3|12	11|11	24|29
24	14000000	15000000	13|28	4|4	10|18
24	15000000	16000000	3|24	22|22	31|33
24	16000000	17000000	21|38	20|20	31|43
24	17000000	18000000	19|28	35|35	5|9
24	18000000	19000000	2|17	23|23	15|28
24	19000000	20000000	5|17	34|34	23|27
24	20000000	21000000	3|17	14|14	15|32
24	21000000	22000000	15|26	28|28	3|12
24	22000000	23000000	14|29	16|16	20|23
24	23000000	24000000	6|11	26|26	20|25
24	24000000	25000000	16|22	34|34	22|34
24	25000000	26000000	17|29	14|14	12|17
24	26000000	27000000	15|39	38|38	11|39
24	27000000	28000000	4|26	19|19	26|28
24	28000000	29000000	29|36	20|20	16|31
24	29000000	30000000	7|15	21|21	4|5
24	30000000	31000000	25|34	7|7	19|27
24	31000000	32000000	3|12	5|5	21|34
24	32000000	33000000	7|18	13|13	7|11
24	33000000	34000000	7|10	41|41	14|37
24	34000000	35000000	17|33	25|25	9|42
24	35000000	36000000	14|24	3|3	4|5
24	36000000	37000000	15|38	1|1	34|49
24	37000000	38000000	22|36	1|2	12|15
24	38000000	39000000	22|35	5|28	4|28
24	39000000	40000000	8|19	2|8	9|44
24	40000000	41000000	6|21	9|21	13|51
24	41000000	42000000	26|30	30|43	13|35
24	42000000	43000000	6|23	1|6	33|37
24	43000000	44000000	1|3	1|26	30|39
24	44000000	45000000	36|46	27|46	26|58
24	45000000	46000000	24|25	25|64	30|30
24	46000000	47000000	4|39	4|6	23|23
24	47000000	48000000	13|28	18|28	14|14
25	0	1000000	2|5	10|17	4|17
25	1000000	2000000	5|6	3|12	2|12
25	2000000	3000000	15|17	1|5	5|16
25	3000000	4000000	1|15	1|4	1|9
25	4000000	5000000	12|13	2|11	9|11
25	5000000	6000000	1|11	14|27	6|14
25	6000000	7000000	3|22	12|16	14|16
25	7000000	8000000	1|22	8|13	8|11
25	8000000	9000000	8|17	2|19	19|21
25	9000000	10000000	8|26	14|35	31|35
25	10000000	11000000	20|26	19|29	15|19
25	11000000	12000000	25|28	1|2	2|13
25	12000000	13000000	20|30	18|28	9|28
25	13000000	14000000	3|8	2|10	2|10
25	14000000	15000000	6|36	13|29	12|29
25	15000000	16000000	1|23	9|23	18|23
25	16000000	17000000	10|11	10|30	8|17
25	17000000	18000000	1|25	1|1	6|6
25	18000000	19000000	2|9	2|2	21|21
25	19000000	20000000	8|17	8|8	7|7
25	20000000	21000000	10|15	10|10	2|2
25	21000000	22000000	22|31	20|22	11|12
25	22000000	23000000	11|25	5|11	5|17
25	23000000	24000000	5|21	6|23	23|28
25	24000000	25000000	32|42	1|1	1|27
25	25000000	26000000	23|35	1|1	1|21
25	26000000	27000000	20|26	5|5	1|5
25	27000000	28000000	8|31	27|27	27|32
25	28000000	29000000	26|31	2|2	2|4
25	29000000	30000000	17|24	4|4	4|22
25	30000000	31000000	18|31	8|8	8|38
25	31000000	32000000	17|45	40|40	14|40
25	32000000	33000000	11|24	3|3	3|30
25	33000000	34000000	10|39	43|43	12|42
25	34000000	35000000	7|21	25|25	14|18
25	35000000	36000000	27|33	25|25	13|14
25	36000000	37000000	43|50	1|1	15|24
25	37000000	38000000	9|36	45|45	38|42
25	38000000	39000000	7|13	1|1	13|25
25	39000000	40000000	38|49	5|5	8|38
25	40000000	41000000	19|36	18|18	26|36
25	41000000	42000000	4|15	21|21	10|15
25	42000000	43000000	5|33	35|35	5|15
25	43000000	44000000	4|12	14|14	4|24
25	44000000	45000000	25|34	6|6	5|34
25	45000000	46000000	1|9	17|17	5|10
25	46000000	47000000	30|37	9|9	15|28
25	47000000	48000000	2|37	13|13	9|29
25	48000000	49000000	27|34	43|43	39|43
25	49000000	50000000	3|16	43|43	43|43
25	50000000	51000000	22|25	20|20	20|22
25	51000000	52000000	7|29	1|1	3|7
26	0	1000000	16|20	2|2	2|2
26	1000000	2000000	4|11	11|11	2|2
26	2000000	3000000	5|23	3|3	20|20
26	3000000	4000000	6|30	25|25	2|2
26	4000000	5000000	32|36	3|3	15|15
26	5000000	6000000	3|9	35|35	18|18
26	6000000	7000000	4|15	36|36	2|2
26	7000000	8000000	13|16	8|8	13|13
26	8000000	9000000	5|11	26|26	7|7
26	9000000	10000000	11|15	1|1	22|22
26	10000000	11000000	1|25	38|39	27|29
26	11000000	12000000	18|31	9|24	7|44
26	12000000	13000000	17|43	1|22	6|11
26	13000000	14000000	6|13	18|39	23|36
26	14000000	15000000	10|19	29|40	15|41
26	15000000	16000000	2|2	18|34	6|36
26	16000000	17000000	40|40	5|35	27|30
26	17000000	18000000	14|14	16|29	24|38
26	18000000	19000000	8|8	37|47	13|47
26	19000000	20000000	12|12	8|30	8|10
26	20000000	21000000	2|2	16|33	16|16
26	21000000	22000000	32|32	4|5	19|19
26	22000000	23000000	38|38	4|44	30|30
26	23000000	24000000	32|32	1|37	22|23
26	24000000	25000000	29|29	1|37	17|23
26	25000000	26000000	0|0	0|0	0|0
26	26000000	27000000	0|0	0|0	0|0
26	27000000	28000000	28|28	1|50	10|39
26	28000000	29000000	19|19	21|55	14|53
26	29000000	30000000	5|10	3|49	7|28
26	30000000	31000000	2|14	17|38	2|30
26	31000000	32000000	43|66	8|20	63|81
26	32000000	33000000	11|25	5|39	8|8
26	33000000	34000000	34|53	2|20	2|2
26	34000000	35000000	8|19	22|47	22|22
26	35000000	36000000	1|49	20|28	20|20
26	36000000	37000000	19|38	10|66	61|65
26	37000000	38000000	34|37	26|45	9|18
26	38000000	39000000	24|31	2|9	14|54
27	0	1000000	44|66	15|45	28|36
27	1000000	2000000	3|25	21|33	15|35
27	2000000	3000000	26|55	7|8	14|40
27	3000000	4000000	1|20	21|39	13|45
27	4000000	5000000	26|36	30|36	28|32
27	5000000	6000000	1|3	3|39	3|42
27	6000000	7000000	23|26	3|27	5|28
27	7000000	8000000	33|38	11|25	12|36
27	8000000	9000000	2|35	20|32	10|23
27	9000000	10000000	26|40	17|43	39|48
27	10000000	11000000	3|4	13|24	6|24
27	11000000	12000000	7|15	13|28	10|35
27	12000000	13000000	9|44	30|42	33|47
27	13000000	14000000	9|24	5|19	14|19
27	14000000	15000000	8|37	5|16	16|28
27	15000000	16000000	9|35	20|28	5|31
27	16000000	17000000	6|52	17|31	4|17
27	17000000	18000000	20|32	18|34	16|44
27	18000000	19000000	30|43	2|46	41|43
27	19000000	20000000	33|44	5|10	28|44
27	20000000	21000000	8|15	3|20	8|27
27	21000000	22000000	6|16	1|9	6|32
27	22000000	23000000	15|32	2|30	16|43
27	23000000	24000000	6|6	5|43	28|43
27	24000000	25000000	37|37	2|19	19|33
27	25000000	26000000	35|35	3|13	12|24
27	26000000	27000000	34|34	11|34	13|38
27	27000000	28000000	4|4	2|4	1|14
27	28000000	29000000	34|34	16|34	15|21
27	29000000	30000000	18|18	8|19	4|15
27	30000000	31000000	23|23	4|39	31|32
27	31000000	32000000	17|17	7|35	19|29
27	32000000	33000000	3|3	33|36	25|28
27	33000000	34000000	15|15	13|30	11|26
27	34000000	35000000	38|38	14|50	2|24
27	35000000	36000000	2|2	30|32	12|22
27	36000000	37000000	1|1	1|25	16|33
27	37000000	38000000	18|19	6|20	6|20
27	38000000	39000000	17|23	10|16	11|32
27	39000000	40000000	11|26	7|33	3|7
27	40000000	41000000	2|18	15|26	3|25
27	41000000	42000000	1|22	29|34	12|27
27	42000000	43000000	5|27	18|19	3|5
27	43000000	44000000	2|7	5|20	7|9
27	44000000	45000000	12|17	3|10	5|17
27	45000000	46000000	17|20	2|11	2|20
28	0	1000000	18|19	14|17	18|20
28	1000000	2000000	1|11	8|14	1|5
28	2000000	3000000	20|24	23|30	15|20
28	3000000	4000000	16|19	23|27	16|19
28	4000000	5000000	2|28	8|15	2|29
28	5000000	6000000	17|21	29|30	17|33
28	6000000	7000000	13|34	7|24	6|7
28	7000000	8000000	20|38	15|25	26|28
28	8000000	9000000	24|33	6|27	14|14
28	9000000	10000000	2|22	9|28	19|19
28	10000000	11000000	1|17	16|26	7|7
28	11000000	12000000	3|25	6|24	7|7
28	12000000	13000000	1|15	7|29	28|28
28	13000000	14000000	1|11	18|27	24|24
28	14000000	15000000	12|13	1|18	27|27
28	15000000	16000000	24|31	13|17	9|9
28	16000000	17000000	9|18	16|19	26|26
28	17000000	18000000	9|14	6|33	26|26
28	18000000	19000000	2|12	18|27	25|25
28	19000000	20000000	2|15	2|23	18|18
28	20000000	21000000	1|23	23|23	19|20
28	21000000	22000000	1|24	4|5	27|48
28	22000000	23000000	8|41	2|17	2|16
28	23000000	24000000	21|27	6|11	2|11
28	24000000	25000000	2|32	34|42	19|42
28	25000000	26000000	18|18	18|42	14|42
28	26000000	27000000	14|14	16|26	26|35
28	27000000	28000000	13|13	48|55	8|48
28	28000000	29000000	22|27	40|48	40|48
28	29000000	30000000	2|12	33|43	33|43
28	30000000	31000000	19|23	6|15	6|33
28	31000000	32000000	24|29	37|37	11|37
28	32000000	33000000	21|49	5|5	5|28
28	33000000	34000000	7|24	1|2	1|36
28	34000000	35000000	19|32	1|24	1|9
28	35000000	36000000	14|33	1|35	1|26
28	36000000	37000000	9|29	4|32	4|39
28	37000000	38000000	7|20	35|36	32|35
28	38000000	39000000	2|9	23|38	20|37
28	39000000	40000000	3|45	15|62	19|24
28	40000000	41000000	33|55	26|30	1|2
28	41000000	42000000	5|6	5|9	3|8
29	0	1000000	3|22	1|3	3|20
29	1000000	2000000	2|9	1|4	4|21
29	2000000	3000000	5|25	1|6	6|21
29	3000000	4000000	7|29	1|16	11|16
29	4000000	5000000	11|14	1|14	14|17
29	5000000	6000000	14|23	1|14	14|25
29	6000000	7000000	1|11	1|20	9|20
29	7000000	8000000	1|35	1|14	9|14
29	8000000	9000000	12|37	1|21	21|27
29	9000000	10000000	11|30	1|2	2|23
29	10000000	11000000	3|11	1|14	3|14
29	11000000	12000000	21|26	1|46	26|46
29	12000000	13000000	3|29	1|12	12|32
29	13000000	14000000	5|23	1|19	19|19
29	14000000	15000000	26|39	26|31	30|30
29	15000000	16000000	10|32	10|17	4|4
29	16000000	17000000	1|19	19|28	17|17
29	17000000	18000000	1|18	5|20	23|25
29	18000000	19000000	12|18	8|9	37|39
29	19000000	20000000	2|8	3|34	1|11
29	20000000	21000000	17|20	23|29	6|35
29	21000000	22000000	4|31	25|37	6|20
29	22000000	23000000	11|26	13|30	5|29
29	23000000	24000000	22|29	3|10	18|31
29	24000000	25000000	13|27	6|40	33|34
29	25000000	26000000	1|17	13|23	7|21
29	26000000	27000000	19|33	14|38	19|31
29	27000000	28000000	1|32	14|30	8|46
29	28000000	29000000	9|36	1|6	6|38
29	29000000	30000000	2|4	10|15	10|38
29	30000000	31000000	3|21	14|34	4|34
29	31000000	32000000	26|33	5|24	24|35
29	32000000	33000000	2|4	6|6	5|34
29	33000000	34000000	11|31	25|25	11|35
29	34000000	35000000	27|53	4|4	27|36
29	35000000	36000000	4|19	12|12	4|24
29	36000000	37000000	21|42	33|33	21|28
29	37000000	38000000	11|36	41|41	36|38
29	38000000	39000000	1|27	31|31	1|22
29	39000000	40000000	2|48	43|46	2|11
29	40000000	41000000	13|36	10|28	8|14
29	41000000	42000000	43|53	7|56	10|14
30	0	1000000	1|20	3|20	3|19
30	1000000	2000000	4|11	4|10	10|21
30	2000000	3000000	6|19	7|19	7|17
30	3000000	4000000	3|11	11|14	12|14
30	4000000	5000000	28|36	13|35	8|13
30	5000000	6000000	1|22	3|16	2|3
30	6000000	7000000	1|8	4|12	12|24
30	7000000	8000000	13|19	5|5	5|5
30	8000000	9000000	1|15	9|9	9|9
30	9000000	10000000	2|6	8|9	9|9
30	10000000	11000000	2|6	14|20	14|14
30	11000000	12000000	5|32	25|28	28|28
30	12000000	13000000	19|20	13|20	20|20
30	13000000	14000000	2|14	2|15	2|2
30	14000000	15000000	1|33	2|33	33|33
30	15000000	16000000	9|9	9|15	7|9
30	16000000	17000000	21|23	8|21	12|21
30	17000000	18000000	9|22	9|16	9|29
30	18000000	19000000	28|34	1|28	7|28
30	19000000	20000000	20|26	13|26	15|26
30	20000000	21000000	15|27	1|27	18|27
30	21000000	22000000	6|26	18|27	22|27
30	22000000	23000000	15|41	19|30	27|30
30	23000000	24000000	9|25	2|36	2|24
30	24000000	25000000	17|36	26|37	34|45
30	25000000	26000000	9|42	35|39	1|16
30	26000000	27000000	6|39	19|22	7|8
30	27000000	28000000	5|25	23|37	2|17
30	28000000	29000000	30|37	4|38	2|13
30	29000000	30000000	11|31	21|36	8|16
30	30000000	31000000	40|44	7|14	28|48
30	31000000	32000000	14|25	12|15	3|15
30	32000000	33000000	43|49	14|29	9|18
30	33000000	34000000	48|59	26|42	6|34
30	34000000	35000000	9|30	1|23	2|4
30	35000000	36000000	18|32	32|32	3|35
30	36000000	37000000	6|6	6|6	3|37
30	37000000	38000000	2|5	2|2	8|44
30	38000000	39000000	6|21	7|10	19|57
30	39000000	40000000	16|41	2|33	23|41
30	40000000	41000000	9|13	1|8	1|9
31	0	1000000	19|34	17|17	12|34
31	1000000	2000000	19|25	3|11	25|28
31	2000000	3000000	19|28	13|28	2|19
31	3000000	4000000	3|24	1|3	24|28
31	4000000	5000000	2|28	12|19	9|28
31	5000000	6000000	17|26	8|22	14|26
31	6000000	7000000	11|18	3|11	18|37
31	7000000	8000000	8|15	18|27	8|27
31	8000000	9000000	32|38	12|17	11|32
31	9000000	10000000	9|30	35|37	15|30
31	10000000	11000000	2|24	7|13	3|3
31	11000000	12000000	28|35	20|27	3|3
31	12000000	13000000	2|22	41|41	8|8
31	13000000	14000000	7|19	39|40	10|11
31	14000000	15000000	36|36	9|36	9|35
31	15000000	16000000	11|11	2|11	2|11
31	16000000	17000000	39|39	1|40	1|40
31	17000000	18000000	14|15	11|37	28|37
31	18000000	19000000	12|27	1|29	4|29
31	19000000	20000000	13|32	4|9	4|25
31	20000000	21000000	6|8	14|27	12|14
31	21000000	22000000	17|38	1|29	1|23
31	22000000	23000000	2|52	3|5	3|17
31	23000000	24000000	8|37	4|18	18|23
31	24000000	25000000	41|47	7|9	9|27
31	25000000	26000000	22|27	1|24	1|27
31	26000000	27000000	7|8	18|22	7|22
31	27000000	28000000	5|26	1|21	1|5
31	28000000	29000000	1|2	1|1	1|1
31	29000000	30000000	11|23	3|22	3|11
31	30000000	31000000	5|17	6|48	6|16
31	31000000	32000000	13|34	2|2	2|22
31	32000000	33000000	27|35	6|6	6|9
31	33000000	34000000	20|23	14|14	14|32
31	34000000	35000000	32|39	10|12	2|5
31	35000000	36000000	10|42	6|17	30|51
31	36000000	37000000	31|41	13|55	5|44
31	37000000	38000000	28|42	41|46	15|34
31	38000000	39000000	39|49	5|35	30|45
31	39000000	40000000	30|43	16|35	23|25
32	0	1000000	2|4	13|20	13|13
32	1000000	2000000	11|31	7|19	7|7
32	2000000	3000000	13|35	7|31	7|7
32	3000000	4000000	15|25	7|21	21|21
32	4000000	5000000	14|28	6|33	33|33
32	5000000	6000000	12|40	17|26	17|17
32	6000000	7000000	24|31	13|23	13|13
32	7000000	8000000	3|31	23|30	27|30
32	8000000	9000000	9|33	25|26	25|44
32	9000000	10000000	2|20	34|39	34|43
32	10000000	11000000	7|39	32|43	29|32
32	11000000	12000000	21|34	6|45	6|18
32	12000000	13000000	12|25	9|35	2|35
32	13000000	14000000	27|31	15|27	15|15
32	14000000	15000000	14|27	15|28	15|15
32	15000000	16000000	4|27	8|36	36|36
32	16000000	17000000	15|41	25|36	23|25
32	17000000	18000000	7|43	32|47	40|47
32	18000000	19000000	1|30	24|35	24|42
32	19000000	20000000	1|3	16|21	15|38
32	20000000	21000000	29|39	37|44	35|44
32	21000000	22000000	8|43	51|54	51|57
32	22000000	23000000	2|8	48|53	15|53
32	23000000	24000000	2|18	19|34	34|47
32	24000000	25000000	1|35	6|13	13|16
32	25000000	26000000	17|26	19|24	9|24
32	26000000	27000000	7|46	37|38	31|45
32	27000000	28000000	23|43	20|20	25|33
32	28000000	29000000	1|8	41|41	18|48
32	29000000	30000000	7|40	29|29	22|45
32	30000000	31000000	4|30	9|9	25|33
32	31000000	32000000	7|11	23|23	7|10
32	32000000	33000000	17|44	23|23	13|47
32	33000000	34000000	22|35	18|18	1|9
32	34000000	35000000	4|7	1|1	11|28
32	35000000	36000000	8|29	21|21	4|25
32	36000000	37000000	2|23	14|14	10|21
32	37000000	38000000	4|8	6|6	2|17
32	38000000	39000000	8|16	11|11	3|11
33	0	1000000	5|17	5|5	5|20
33	1000000	2000000	2|8	8|8	8|27
33	2000000	3000000	7|13	7|7	7|7
33	3000000	4000000	14|20	14|14	14|14
33	4000000	5000000	1|8	1|1	1|1
33	5000000	6000000	19|22	22|22	22|22
33	6000000	7000000	6|14	6|6	6|6
33	7000000	8000000	19|38	21|21	21|21
33	8000000	9000000	24|29	8|8	8|8
33	9000000	10000000	2|19	49|49	50|50
33	10000000	11000000	14|42	2|2	18|18
33	11000000	12000000	26|41	1|1	5|5
33	12000000	13000000	14|46	22|22	45|45
33	13000000	14000000	12|23	1|1	41|41
33	14000000	15000000	33|37	26|26	8|12
33	15000000	16000000	26|37	1|1	31|40
33	16000000	17000000	17|44	40|40	11|27
33	17000000	18000000	10|31	4|4	4|14
33	18000000	19000000	6|36	1|1	1|12
33	19000000	20000000	12|46	19|19	5|19
33	20000000	21000000	36|41	14|14	14|38
33	21000000	22000000	22|39	17|17	17|30
33	22000000	23000000	18|38	4|4	4|12
33	23000000	24000000	31|36	1|1	1|11
33	24000000	25000000	5|15	1|1	1|6
33	25000000	26000000	15|41	1|1	1|7
33	26000000	27000000	13|47	42|44	9|42
33	27000000	28000000	18|52	11|42	11|32
33	28000000	29000000	7|51	22|50	33|50
33	29000000	30000000	5|38	19|28	28|45
33	30000000	31000000	28|35	6|6	6|45
33	31000000	32000000	10|32	7|7	7|10
34	0	1000000	7|9	15|15	15|16
34	1000000	2000000	12|20	1|1	1|8
34	2000000	3000000	3|13	9|9	9|23
34	3000000	4000000	11|22	15|15	3|15
34	4000000	5000000	3|31	1|1	1|9
34	5000000	6000000	2|16	19|19	18|36
34	6000000	7000000	1|9	33|33	12|23
34	7000000	8000000	1|15	3|3	10|11
34	8000000	9000000	2|17	47|47	7|37
34	9000000	10000000	11|14	14|14	14|33
34	10000000	11000000	7|25	7|7	7|12
34	11000000	12000000	16|36	36|36	2|35
34	12000000	13000000	17|40	40|40	18|25
34	13000000	14000000	5|12	12|12	26|29
34	14000000	15000000	1|11	11|11	2|28
34	15000000	16000000	19|26	26|26	9|21
34	16000000	17000000	1|8	2|2	14|30
34	17000000	18000000	3|36	10|10	26|30
34	18000000	19000000	12|18	3|3	35|38
34	19000000	20000000	1|3	37|37	13|28
34	20000000	21000000	11|24	40|40	17|30
34	21000000	22000000	1|41	25|25	8|8
34	22000000	23000000	3|41	43|43	34|34
34	23000000	24000000	6|42	16|16	1|1
34	24000000	25000000	15|16	9|9	25|25
34	25000000	26000000	8|30	16|16	23|23
34	26000000	27000000	2|7	41|41	15|15
34	27000000	28000000	8|38	14|14	33|33
34	28000000	29000000	3|13	12|12	5|5
34	29000000	30000000	11|27	5|5	25|25
34	30000000	31000000	10|21	6|6	40|40
34	31000000	32000000	21|26	33|33	13|13
34	32000000	33000000	36|46	55|56	8|13
34	33000000	34000000	31|47	41|46	22|46
34	34000000	35000000	15|43	1|13	2|3
34	35000000	36000000	5|24	49|49	5|34
34	36000000	37000000	1|22	27|33	1|30
34	37000000	38000000	3|19	10|17	3|34
34	38000000	39000000	5|9	24|42	5|16
34	39000000	40000000	2|23	10|45	2|27
34	40000000	41000000	19|23	47|56	13|23
34	41000000	42000000	16|34	14|20	34|37
34	42000000	43000000	1|4	1|6	1|4
35	0	1000000	19|23	19|19	6|22
35	1000000	2000000	13|23	23|23	27|38
35	2000000	3000000	19|26	19|19	20|40
35	3000000	4000000	11|26	11|11	5|8
35	4000000	5000000	14|34	14|14	3|8
35	5000000	6000000	20|37	21|21	2|7
35	6000000	7000000	23|32	28|28	8|36
35	7000000	8000000	28|40	48|48	5|19
35	8000000	9000000	11|37	28|28	2|11
35	9000000	10000000	31|41	20|20	30|46
35	10000000	11000000	43|45	49|49	3|14
35	11000000	12000000	12|34	28|28	29|29
35	12000000	13000000	17|30	19|19	29|30
35	13000000	14000000	15|26	14|14	1|47
35	14000000	15000000	11|22	41|41	15|37
35	15000000	16000000	17|41	26|26	8|49
35	16000000	17000000	6|12	30|30	26|44
35	17000000	18000000	6|18	39|40	7|29
35	18000000	19000000	29|53	32|34	4|19
35	19000000	20000000	1|7	27|37	18|29
35	20000000	21000000	19|45	33|53	2|58
35	21000000	22000000	14|46	12|20	21|26
35	22000000	23000000	25|27	30|39	4|42
35	23000000	24000000	18|38	34|37	3|36
35	24000000	25000000	11|23	16|57	5|27
35	25000000	26000000	10|31	10|64	4|5
35	26000000	27000000	13|21	6|24	9|35
36	0	1000000	2|19	6|6	6|6
36	1000000	2000000	11|26	23|23	23|23
36	2000000	3000000	4|31	9|15	15|19
36	3000000	4000000	10|28	6|10	6|25
36	4000000	5000000	3|5	3|9	9|20
36	5000000	6000000	6|29	12|29	9|12
36	6000000	7000000	23|51	4|22	4|47
36	7000000	8000000	36|42	2|26	26|36
36	8000000	9000000	4|33	6|23	4|6
36	9000000	10000000	18|19	1|37	4|18
36	10000000	11000000	15|45	11|41	15|45
36	11000000	12000000	8|43	5|33	8|43
36	12000000	13000000	26|34	9|35	33|34
36	13000000	14000000	2|38	2|32	2|17
36	14000000	15000000	2|31	28|28	8|31
36	15000000	16000000	9|32	23|24	7|32
36	16000000	17000000	10|14	4|4	11|14
36	17000000	18000000	15|23	7|7	3|23
36	18000000	19000000	22|27	40|40	2|22
36	19000000	20000000	27|40	52|52	6|40
36	20000000	21000000	25|31	49|49	25|51
36	21000000	22000000	18|26	8|8	21|26
36	22000000	23000000	13|41	22|22	13|25
36	23000000	24000000	4|38	28|28	4|47
36	24000000	25000000	24|28	32|32	28|44
36	25000000	26000000	3|14	45|45	14|15
36	26000000	27000000	15|39	30|30	15|45
36	27000000	28000000	10|32	25|25	18|32
36	28000000	29000000	27|55	2|2	27|27
36	29000000	30000000	43|62	37|58	58|67
36	30000000	31000000	11|48	24|46	25|25
37	0	1000000	1|6	1|3	4|8
37	1000000	2000000	5|28	12|20	1|10
37	2000000	3000000	3|25	6|22	9|13
37	3000000	4000000	1|6	2|27	9|10
37	4000000	5000000	2|37	4|13	29|33
37	5000000	6000000	9|25	1|4	5|28
37	6000000	7000000	16|20	1|24	8|10
37	7000000	8000000	6|31	34|40	21|36
37	8000000	9000000	20|25	1|23	13|14
37	9000000	10000000	18|26	14|18	5|23
37	10000000	11000000	4|8	4|26	10|17
37	11000000	12000000	8|20	6|20	4|16
37	12000000	13000000	13|21	8|21	4|18
37	13000000	14000000	18|26	26|27	13|25
37	14000000	15000000	2|24	2|29	10|37
37	15000000	16000000	23|34	23|25	15|21
37	16000000	17000000	12|36	12|20	24|26
37	17000000	18000000	26|38	31|38	1|1
37	18000000	19000000	9|22	20|24	36|36
37	19000000	20000000	7|15	36|41	11|18
37	20000000	21000000	2|25	19|38	10|46
37	21000000	22000000	22|26	25|37	12|30
37	22000000	23000000	26|46	25|37	46|51
37	23000000	24000000	2|16	50|53	8|58
37	24000000	25000000	6|15	46|54	16|52
37	25000000	26000000	13|19	33|34	21|46
37	26000000	27000000	22|26	18|46	20|54
37	27000000	28000000	1|25	16|46	13|34
37	28000000	29000000	16|30	10|41	11|17
37	29000000	30000000	10|49	2|29	11|60
37	30000000	31000000	17|31	1|3	4|23
38	0	1000000	8|40	2|24	16|39
38	1000000	2000000	36|49	5|17	2|10
38	2000000	3000000	24|33	20|43	3|52
38	3000000	4000000	25|38	15|26	7|19
38	4000000	5000000	16|33	8|26	10|21
38	5000000	6000000	29|50	35|43	8|49
38	6000000	7000000	36|44	14|17	5|27
38	7000000	8000000	1|20	11|27	12|33
38	8000000	9000000	32|39	31|37	15|16
38	9000000	10000000	2|35	6|20	20|24
38	10000000	11000000	9|26	19|38	18|34
38	11000000	12000000	32|34	13|35	30|42
38	12000000	13000000	38|44	9|30	5|51
38	13000000	14000000	2|42	25|36	4|52
38	14000000	15000000	10|45	21|40	25|42
38	15000000	16000000	1|37	25|39	5|27
38	16000000	17000000	14|19	26|39	6|35
38	17000000	18000000	1|37	5|15	19|41
38	18000000	19000000	29|43	37|49	14|52
38	19000000	20000000	8|13	19|25	34|37
38	20000000	21000000	14|40	11|23	18|52
38	21000000	22000000	1|14	10|33	12|50
38	22000000	23000000	26|34	4|26	14|50
38	23000000	24000000	9|47	9|31	36|38
X	0	1000000	41|64	2|68	9|71
X	1000000	2000000	39|45	3|3	19|34
X	2000000	3000000	26|69	48|52	39|58
X	3000000	4000000	17|23	43|57	37|63
X	4000000	5000000	16|52	3|21	15|30
X	5000000	6000000	13|16	30|33	7|45
X	6000000	7000000	2|47	40|77	13|70
X	7000000	8000000	4|19	0|17	0|13
X	8000000	9000000	3|25	0|10	0|14
X	9000000	10000000	1|6	0|19	0|30
X	10000000	11000000	3|35	0|42	0|19
X	11000000	12000000	5|11	0|25	0|25
X	12000000	13000000	7|20	0|8	0|8
X	13000000	14000000	9|24	0|19	0|21
X	14000000	15000000	5|7	0|13	0|16
X	15000000	16000000	2|8	0|11	0|20
X	16000000	17000000	4|15	0|20	0|10
X	17000000	18000000	12|17	0|3	0|13
X	18000000	19000000	4|11	0|5	0|14
X	19000000	20000000	8|25	0|9	0|18
X	20000000	21000000	4|16	0|42	0|35
X	21000000	22000000	10|20	0|22	0|7
X	22000000	23000000	3|21	0|15	0|14
X	23000000	24000000	13|29	0|11	0|26
X	24000000	25000000	4|6	0|12	0|33
X	25000000	26000000	23|34	0|43	0|39
X	26000000	27000000	1|11	0|1	0|23
X	27000000	28000000	1|14	0|3	0|22
X	28000000	29000000	4|15	0|7	0|24
X	29000000	30000000	2|12	0|18	0|18
X	30000000	31000000	1|32	0|9	0|9
X	31000000	32000000	1|25	0|22	0|22
X	32000000	33000000	1|4	0|14	0|14
X	33000000	34000000	9|21	0|15	0|15
X	34000000	35000000	19|19	0|13	0|14
X	35000000	36000000	32|32	0|6	0|29
X	36000000	37000000	21|22	0|8	0|27
X	37000000	38000000	3|11	0|14	0|9
X	38000000	39000000	6|24	0|22	0|11
X	39000000	40000000	1|3	0|4	0|17
X	40000000	41000000	15|20	0|2	0|2
X	41000000	42000000	13|23	0|8	0|8
X	42000000	43000000	2|15	0|35	0|32
X	43000000	44000000	11|13	0|8	0|25
X	44000000	45000000	4|17	0|16	0|12
X	45000000	46000000	13|16	0|10	0|5
X	46000000	47000000	1|11	0|1	0|5
X	47000000	48000000	1|3	0|4	0|10
X	48000000	49000000	1|1	0|2	0|10
X	49000000	50000000	5|8	0|1	0|9
X	50000000	51000000	3|12	0|8	0|10
X	51000000	52000000	1|8	0|5	0|10
X	52000000	53000000	1|5	0|10	0|7
X	53000000	54000000	10|26	0|20	0|22
X	54000000	55000000	10|21	0|17	0|7
X	55000000	56000000	8|17	0|2	0|26
X	56000000	57000000	23|28	0|15	0|18
X	57000000	58000000	20|21	0|3	0|15
X	58000000	59000000	1|4	0|7	0|2
X	59000000	60000000	1|5	0|2	0|9
X	60000000	61000000	1|7	0|11	0|4
X	61000000	62000000	3|4	0|5	0|2
X	62000000	63000000	2|11	0|12	0|10
X	63000000	64000000	1|11	0|5	0|8
X	64000000	65000000	7|13	0|15	0|11
X	65000000	66000000	1|12	0|2	0|5
X	66000000	67000000	1|18	0|11	0|8
X	67000000	68000000	26|27	0|7	0|17
X	68000000	69000000	1|24	0|19	0|15
X	69000000	70000000	1|13	0|10	0|5
X	70000000	71000000	17|20	0|6	0|14
X	71000000	72000000	1|15	0|1	0|4
X	72000000	73000000	1|24	0|4	0|28
X	73000000	74000000	3|27	0|9	0|25
X	74000000	75000000	25|34	0|23	0|33
X	75000000	76000000	2|28	0|10	0|27
X	76000000	77000000	1|22	0|18	0|3
X	77000000	78000000	4|13	0|1	0|6
X	78000000	79000000	1|1	0|8	0|11
X	79000000	80000000	16|16	0|4	0|13
X	80000000	81000000	2|6	0|9	0|11
X	81000000	82000000	1|2	0|2	0|1
X	82000000	83000000	2|3	0|2	0|5
X	83000000	84000000	1|1	0|1	0|2
X	84000000	85000000	1|1	0|1	0|4
X	85000000	86000000	1|3	0|1	0|2
X	86000000	87000000	12|23	0|12	0|26
X	87000000	88000000	2|7	0|12	0|21
X	88000000	89000000	3|21	0|10	0|19
X	89000000	90000000	10|10	0|14	0|18
X	90000000	91000000	6|6	0|29	0|22
X	91000000	92000000	1|1	0|29	0|34
X	92000000	93000000	7|8	0|23	0|23
X	93000000	94000000	15|29	0|9	0|9
X	94000000	95000000	10|16	0|12	0|12
X	95000000	96000000	20|23	0|2	0|2
X	96000000	97000000	13|29	0|5	0|3
X	97000000	98000000	6|28	0|22	0|27
X	98000000	99000000	5|5	0|6	0|14
X	99000000	100000000	35|38	0|15	0|11
X	100000000	101000000	7|27	0|23	0|19
X	101000000	102000000	18|22	0|14	0|19
X	102000000	103000000	4|10	0|9	0|4
X	103000000	104000000	3|5	0|4	0|5
X	104000000	105000000	1|6	0|11	0|1
X	105000000	106000000	7|21	0|13	0|4
X	106000000	107000000	3|22	0|13	0|10
X	107000000	108000000	3|9	0|10	0|3
X	108000000	109000000	6|7	0|3	0|6
X	109000000	110000000	1|8	0|9	0|2
X	110000000	111000000	37|40	0|27	0|20
X	111000000	112000000	19|42	0|11	0|19
X	112000000	113000000	20|45	0|51	0|20
X	113000000	114000000	2|9	0|26	0|9
X	114000000	115000000	1|4	0|7	0|4
X	115000000	116000000	9|11	0|8	0|11
X	116000000	117000000	1|8	0|7	0|1
X	117000000	118000000	5|13	0|3	0|18
X	118000000	119000000	7|9	0|13	0|9
X	119000000	120000000	5|13	0|21	0|13
X	120000000	121000000	4|14	0|14	0|14
X	121000000	122000000	8|16	0|5	0|1
X	122000000	123000000	7|13	0|2	0|2
X	123000000	124000000	5|16	0|1	0|1
